plot_name,accession_name,plot_number,block_number,is_a_control,rep_number,range_number,row_number,col_number,seedlot_name,num_seed_per_plot,weight_gram_seed_per_plot
21.GS.C6.SN.Student2.IB-plant1-TMS21F1975P0001,TMS21F1975P0001,1,1,,1,,,,,,
21.GS.C6.SN.Student2.IB-plant2-TMS21F1975P0002,TMS21F1975P0002,2,1,,1,,,,,,
21.GS.C6.SN.Student2.IB-plant3-TMS21F1975P0003,TMS21F1975P0003,3,1,,1,,,,,,
21.GS.C6.SN.Student2.IB-plant4-TMS21F1975P0004,TMS21F1975P0004,4,1,,1,,,,,,
21.GS.C6.SN.Student2.IB-plant5-TMS21F1975P0005,TMS21F1975P0005,5,1,,1,,,,,,
21.GS.C6.SN.Student2.IB-plant6-TMS21F1975P0006,TMS21F1975P0006,6,1,,1,,,,,,
21.GS.C6.SN.Student2.IB-plant7-TMS21F1975P0007,TMS21F1975P0007,7,1,,1,,,,,,
21.GS.C6.SN.Student2.IB-plant8-TMS21F1975P0008,TMS21F1975P0008,8,1,,1,,,,,,
21.GS.C6.SN.Student2.IB-plant9-TMS21F1975P0009,TMS21F1975P0009,9,1,,1,,,,,,
21.GS.C6.SN.Student2.IB-plant10-TMS21F1975P0010,TMS21F1975P0010,10,1,,1,,,,,,
21.GS.C6.SN.Student2.IB-plant11-TMS21F1975P0011,TMS21F1975P0011,11,1,,1,,,,,,
21.GS.C6.SN.Student2.IB-plant12-TMS21F1975P0012,TMS21F1975P0012,12,1,,1,,,,,,
21.GS.C6.SN.Student2.IB-plant13-TMS21F1975P0013,TMS21F1975P0013,13,1,,1,,,,,,
21.GS.C6.SN.Student2.IB-plant14-TMS21F1975P0014,TMS21F1975P0014,14,1,,1,,,,,,
21.GS.C6.SN.Student2.IB-plant15-TMS21F1975P0015,TMS21F1975P0015,15,1,,1,,,,,,
21.GS.C6.SN.Student2.IB-plant16-TMS21F1975P0016,TMS21F1975P0016,16,1,,1,,,,,,
21.GS.C6.SN.Student2.IB-plant17-TMS21F1975P0017,TMS21F1975P0017,17,1,,1,,,,,,
21.GS.C6.SN.Student2.IB-plant18-TMS21F1975P0018,TMS21F1975P0018,18,1,,1,,,,,,
21.GS.C6.SN.Student2.IB-plant19-TMS21F1975P0019,TMS21F1975P0019,19,1,,1,,,,,,
21.GS.C6.SN.Student2.IB-plant20-TMS21F1975P0020,TMS21F1975P0020,20,1,,1,,,,,,
21.GS.C6.SN.Student2.IB-plant21-TMS21F1975P0021,TMS21F1975P0021,21,1,,1,,,,,,
21.GS.C6.SN.Student2.IB-plant22-TMS21F1975P0022,TMS21F1975P0022,22,1,,1,,,,,,
21.GS.C6.SN.Student2.IB-plant23-TMS21F1975P0023,TMS21F1975P0023,23,1,,1,,,,,,
21.GS.C6.SN.Student2.IB-plant24-TMS21F1975P0024,TMS21F1975P0024,24,1,,1,,,,,,
21.GS.C6.SN.Student2.IB-plant25-TMS21F1975P0025,TMS21F1975P0025,25,1,,1,,,,,,
21.GS.C6.SN.Student2.IB-plant26-TMS21F1975P0026,TMS21F1975P0026,26,1,,1,,,,,,
21.GS.C6.SN.Student2.IB-plant27-TMS21F1975P0027,TMS21F1975P0027,27,1,,1,,,,,,
21.GS.C6.SN.Student2.IB-plant28-TMS21F1975P0028,TMS21F1975P0028,28,1,,1,,,,,,
21.GS.C6.SN.Student2.IB-plant29-TMS21F1975P0029,TMS21F1975P0029,29,1,,1,,,,,,
21.GS.C6.SN.Student2.IB-plant30-TMS21F1975P0030,TMS21F1975P0030,30,1,,1,,,,,,
21.GS.C6.SN.Student2.IB-plant31-TMS21F1975P0031,TMS21F1975P0031,31,1,,1,,,,,,
21.GS.C6.SN.Student2.IB-plant32-TMS21F1975P0032,TMS21F1975P0032,32,1,,1,,,,,,
21.GS.C6.SN.Student2.IB-plant33-TMS21F1975P0033,TMS21F1975P0033,33,1,,1,,,,,,
21.GS.C6.SN.Student2.IB-plant34-TMS21F1975P0034,TMS21F1975P0034,34,1,,1,,,,,,
21.GS.C6.SN.Student2.IB-plant35-TMS21F1975P0035,TMS21F1975P0035,35,1,,1,,,,,,
21.GS.C6.SN.Student2.IB-plant36-TMS21F1975P0036,TMS21F1975P0036,36,1,,1,,,,,,
21.GS.C6.SN.Student2.IB-plant37-TMS21F1975P0037,TMS21F1975P0037,37,1,,1,,,,,,
21.GS.C6.SN.Student2.IB-plant38-TMS21F1975P0038,TMS21F1975P0038,38,1,,1,,,,,,
21.GS.C6.SN.Student2.IB-plant39-TMS21F1975P0039,TMS21F1975P0039,39,1,,1,,,,,,
21.GS.C6.SN.Student2.IB-plant40-TMS21F1975P0040,TMS21F1975P0040,40,1,,1,,,,,,
21.GS.C6.SN.Student2.IB-plant41-TMS21F1975P0041,TMS21F1975P0041,41,1,,1,,,,,,
21.GS.C6.SN.Student2.IB-plant42-TMS21F1975P0042,TMS21F1975P0042,42,1,,1,,,,,,
21.GS.C6.SN.Student2.IB-plant43-TMS21F1975P0043,TMS21F1975P0043,43,1,,1,,,,,,
21.GS.C6.SN.Student2.IB-plant44-TMS21F1975P0044,TMS21F1975P0044,44,1,,1,,,,,,
21.GS.C6.SN.Student2.IB-plant45-TMS21F1975P0045,TMS21F1975P0045,45,1,,1,,,,,,
21.GS.C6.SN.Student2.IB-plant46-TMS21F1975P0046,TMS21F1975P0046,46,1,,1,,,,,,
21.GS.C6.SN.Student2.IB-plant47-TMS21F1975P0047,TMS21F1975P0047,47,1,,1,,,,,,
21.GS.C6.SN.Student2.IB-plant48-TMS21F1975P0048,TMS21F1975P0048,48,1,,1,,,,,,
21.GS.C6.SN.Student2.IB-plant49-TMS21F1975P0049,TMS21F1975P0049,49,1,,1,,,,,,
21.GS.C6.SN.Student2.IB-plant50-TMS21F1975P0050,TMS21F1975P0050,50,1,,1,,,,,,
21.GS.C6.SN.Student2.IB-plant51-TMS21F1975P0051,TMS21F1975P0051,51,1,,1,,,,,,
21.GS.C6.SN.Student2.IB-plant52-TMS21F1975P0052,TMS21F1975P0052,52,1,,1,,,,,,
21.GS.C6.SN.Student2.IB-plant53-TMS21F1975P0053,TMS21F1975P0053,53,1,,1,,,,,,
21.GS.C6.SN.Student2.IB-plant54-TMS21F1975P0054,TMS21F1975P0054,54,1,,1,,,,,,
21.GS.C6.SN.Student2.IB-plant55-TMS21F1975P0055,TMS21F1975P0055,55,1,,1,,,,,,
21.GS.C6.SN.Student2.IB-plant56-TMS21F1975P0056,TMS21F1975P0056,56,1,,1,,,,,,
21.GS.C6.SN.Student2.IB-plant57-TMS21F1975P0057,TMS21F1975P0057,57,1,,1,,,,,,
21.GS.C6.SN.Student2.IB-plant58-TMS21F1975P0058,TMS21F1975P0058,58,1,,1,,,,,,
21.GS.C6.SN.Student2.IB-plant59-TMS21F1975P0059,TMS21F1975P0059,59,1,,1,,,,,,
21.GS.C6.SN.Student2.IB-plant60-TMS21F1975P0060,TMS21F1975P0060,60,1,,1,,,,,,
21.GS.C6.SN.Student2.IB-plant61-TMS21F1975P0061,TMS21F1975P0061,61,1,,1,,,,,,
21.GS.C6.SN.Student2.IB-plant62-TMS21F1975P0062,TMS21F1975P0062,62,1,,1,,,,,,
21.GS.C6.SN.Student2.IB-plant63-TMS21F1975P0063,TMS21F1975P0063,63,1,,1,,,,,,
21.GS.C6.SN.Student2.IB-plant64-TMS21F1975P0064,TMS21F1975P0064,64,1,,1,,,,,,
21.GS.C6.SN.Student2.IB-plant65-TMS21F1975P0065,TMS21F1975P0065,65,1,,1,,,,,,
21.GS.C6.SN.Student2.IB-plant66-TMS21F1975P0066,TMS21F1975P0066,66,1,,1,,,,,,
21.GS.C6.SN.Student2.IB-plant67-TMS21F1975P0067,TMS21F1975P0067,67,1,,1,,,,,,
21.GS.C6.SN.Student2.IB-plant68-TMS21F1975P0068,TMS21F1975P0068,68,1,,1,,,,,,
21.GS.C6.SN.Student2.IB-plant69-TMS21F1975P0069,TMS21F1975P0069,69,1,,1,,,,,,
21.GS.C6.SN.Student2.IB-plant70-TMS21F1975P0070,TMS21F1975P0070,70,1,,1,,,,,,
21.GS.C6.SN.Student2.IB-plant71-TMS21F1975P0071,TMS21F1975P0071,71,1,,1,,,,,,
21.GS.C6.SN.Student2.IB-plant72-TMS21F1975P0072,TMS21F1975P0072,72,1,,1,,,,,,
21.GS.C6.SN.Student2.IB-plant73-TMS21F1975P0073,TMS21F1975P0073,73,1,,1,,,,,,
21.GS.C6.SN.Student2.IB-plant74-TMS21F1975P0074,TMS21F1975P0074,74,1,,1,,,,,,
21.GS.C6.SN.Student2.IB-plant75-TMS21F1975P0075,TMS21F1975P0075,75,1,,1,,,,,,
21.GS.C6.SN.Student2.IB-plant76-TMS21F1975P0076,TMS21F1975P0076,76,1,,1,,,,,,
21.GS.C6.SN.Student2.IB-plant77-TMS21F1975P0077,TMS21F1975P0077,77,1,,1,,,,,,
21.GS.C6.SN.Student2.IB-plant78-TMS21F1975P0078,TMS21F1975P0078,78,1,,1,,,,,,
21.GS.C6.SN.Student2.IB-plant79-TMS21F1975P0079,TMS21F1975P0079,79,1,,1,,,,,,
21.GS.C6.SN.Student2.IB-plant80-TMS21F1975P0080,TMS21F1975P0080,80,1,,1,,,,,,
21.GS.C6.SN.Student2.IB-plant81-TMS21F1975P0081,TMS21F1975P0081,81,1,,1,,,,,,
21.GS.C6.SN.Student2.IB-plant82-TMS21F1975P0082,TMS21F1975P0082,82,1,,1,,,,,,
21.GS.C6.SN.Student2.IB-plant83-TMS21F1975P0083,TMS21F1975P0083,83,1,,1,,,,,,
21.GS.C6.SN.Student2.IB-plant84-TMS21F1975P0084,TMS21F1975P0084,84,1,,1,,,,,,
21.GS.C6.SN.Student2.IB-plant85-TMS21F1975P0085,TMS21F1975P0085,85,1,,1,,,,,,
21.GS.C6.SN.Student2.IB-plant86-TMS21F1975P0086,TMS21F1975P0086,86,1,,1,,,,,,
21.GS.C6.SN.Student2.IB-plant87-TMS21F1975P0087,TMS21F1975P0087,87,1,,1,,,,,,
21.GS.C6.SN.Student2.IB-plant88-TMS21F1975P0088,TMS21F1975P0088,88,1,,1,,,,,,
21.GS.C6.SN.Student2.IB-plant89-TMS21F1975P0089,TMS21F1975P0089,89,1,,1,,,,,,
21.GS.C6.SN.Student2.IB-plant90-TMS21F1975P0090,TMS21F1975P0090,90,1,,1,,,,,,
21.GS.C6.SN.Student2.IB-plant91-TMS21F1975P0091,TMS21F1975P0091,91,1,,1,,,,,,
21.GS.C6.SN.Student2.IB-plant92-TMS21F1975P0092,TMS21F1975P0092,92,1,,1,,,,,,
21.GS.C6.SN.Student2.IB-plant93-TMS21F1975P0093,TMS21F1975P0093,93,1,,1,,,,,,
21.GS.C6.SN.Student2.IB-plant94-TMS21F1975P0094,TMS21F1975P0094,94,1,,1,,,,,,
21.GS.C6.SN.Student2.IB-plant95-TMS21F1975P0095,TMS21F1975P0095,95,1,,1,,,,,,
21.GS.C6.SN.Student2.IB-plant96-TMS21F1975P0096,TMS21F1975P0096,96,1,,1,,,,,,
21.GS.C6.SN.Student2.IB-plant97-TMS21F1975P0097,TMS21F1975P0097,97,1,,1,,,,,,
21.GS.C6.SN.Student2.IB-plant98-TMS21F1975P0098,TMS21F1975P0098,98,1,,1,,,,,,
21.GS.C6.SN.Student2.IB-plant99-TMS21F1975P0099,TMS21F1975P0099,99,1,,1,,,,,,
21.GS.C6.SN.Student2.IB-plant100-TMS21F1975P0100,TMS21F1975P0100,100,1,,1,,,,,,
21.GS.C6.SN.Student2.IB-plant101-TMS21F1975P0101,TMS21F1975P0101,101,1,,1,,,,,,
21.GS.C6.SN.Student2.IB-plant102-TMS21F1975P0102,TMS21F1975P0102,102,1,,1,,,,,,
21.GS.C6.SN.Student2.IB-plant103-TMS21F1975P0103,TMS21F1975P0103,103,1,,1,,,,,,
21.GS.C6.SN.Student2.IB-plant104-TMS21F1975P0104,TMS21F1975P0104,104,1,,1,,,,,,
21.GS.C6.SN.Student2.IB-plant105-TMS21F1975P0105,TMS21F1975P0105,105,1,,1,,,,,,
21.GS.C6.SN.Student2.IB-plant106-TMS21F1975P0106,TMS21F1975P0106,106,1,,1,,,,,,
21.GS.C6.SN.Student2.IB-plant107-TMS21F1975P0107,TMS21F1975P0107,107,1,,1,,,,,,
21.GS.C6.SN.Student2.IB-plant108-TMS21F1975P0108,TMS21F1975P0108,108,1,,1,,,,,,
21.GS.C6.SN.Student2.IB-plant109-TMS21F1975P0109,TMS21F1975P0109,109,1,,1,,,,,,
21.GS.C6.SN.Student2.IB-plant110-TMS21F1975P0110,TMS21F1975P0110,110,1,,1,,,,,,
21.GS.C6.SN.Student2.IB-plant111-TMS21F1975P0111,TMS21F1975P0111,111,1,,1,,,,,,
21.GS.C6.SN.Student2.IB-plant112-TMS21F1975P0112,TMS21F1975P0112,112,1,,1,,,,,,
21.GS.C6.SN.Student2.IB-plant113-TMS21F1975P0113,TMS21F1975P0113,113,1,,1,,,,,,
21.GS.C6.SN.Student2.IB-plant114-TMS21F1975P0114,TMS21F1975P0114,114,1,,1,,,,,,
21.GS.C6.SN.Student2.IB-plant115-TMS21F1975P0115,TMS21F1975P0115,115,1,,1,,,,,,
21.GS.C6.SN.Student2.IB-plant116-TMS21F1975P0116,TMS21F1975P0116,116,1,,1,,,,,,
21.GS.C6.SN.Student2.IB-plant117-TMS21F1975P0117,TMS21F1975P0117,117,1,,1,,,,,,
21.GS.C6.SN.Student2.IB-plant118-TMS21F1976P0001,TMS21F1976P0001,118,1,,1,,,,,,
21.GS.C6.SN.Student2.IB-plant119-TMS21F1976P0002,TMS21F1976P0002,119,1,,1,,,,,,
21.GS.C6.SN.Student2.IB-plant120-TMS21F1976P0003,TMS21F1976P0003,120,1,,1,,,,,,
21.GS.C6.SN.Student2.IB-plant121-TMS21F1976P0004,TMS21F1976P0004,121,1,,1,,,,,,
21.GS.C6.SN.Student2.IB-plant122-TMS21F1976P0005,TMS21F1976P0005,122,1,,1,,,,,,
21.GS.C6.SN.Student2.IB-plant123-TMS21F1976P0006,TMS21F1976P0006,123,1,,1,,,,,,
21.GS.C6.SN.Student2.IB-plant124-TMS21F1976P0007,TMS21F1976P0007,124,1,,1,,,,,,
21.GS.C6.SN.Student2.IB-plant125-TMS21F1976P0008,TMS21F1976P0008,125,1,,1,,,,,,
21.GS.C6.SN.Student2.IB-plant126-TMS21F1976P0009,TMS21F1976P0009,126,1,,1,,,,,,
21.GS.C6.SN.Student2.IB-plant127-TMS21F1976P0010,TMS21F1976P0010,127,1,,1,,,,,,
21.GS.C6.SN.Student2.IB-plant128-TMS21F1976P0011,TMS21F1976P0011,128,1,,1,,,,,,
21.GS.C6.SN.Student2.IB-plant129-TMS21F1976P0012,TMS21F1976P0012,129,1,,1,,,,,,
21.GS.C6.SN.Student2.IB-plant130-TMS21F1976P0013,TMS21F1976P0013,130,1,,1,,,,,,
21.GS.C6.SN.Student2.IB-plant131-TMS21F1976P0014,TMS21F1976P0014,131,1,,1,,,,,,
21.GS.C6.SN.Student2.IB-plant132-TMS21F1976P0015,TMS21F1976P0015,132,1,,1,,,,,,
21.GS.C6.SN.Student2.IB-plant133-TMS21F1976P0016,TMS21F1976P0016,133,1,,1,,,,,,
21.GS.C6.SN.Student2.IB-plant134-TMS21F1976P0017,TMS21F1976P0017,134,1,,1,,,,,,
21.GS.C6.SN.Student2.IB-plant135-TMS21F1976P0018,TMS21F1976P0018,135,1,,1,,,,,,
21.GS.C6.SN.Student2.IB-plant136-TMS21F1976P0019,TMS21F1976P0019,136,1,,1,,,,,,
21.GS.C6.SN.Student2.IB-plant137-TMS21F1976P0020,TMS21F1976P0020,137,1,,1,,,,,,
21.GS.C6.SN.Student2.IB-plant138-TMS21F1976P0021,TMS21F1976P0021,138,1,,1,,,,,,
21.GS.C6.SN.Student2.IB-plant139-TMS21F1976P0022,TMS21F1976P0022,139,1,,1,,,,,,
21.GS.C6.SN.Student2.IB-plant140-TMS21F1976P0023,TMS21F1976P0023,140,1,,1,,,,,,
21.GS.C6.SN.Student2.IB-plant141-TMS21F1976P0024,TMS21F1976P0024,141,1,,1,,,,,,
21.GS.C6.SN.Student2.IB-plant142-TMS21F1976P0025,TMS21F1976P0025,142,1,,1,,,,,,
21.GS.C6.SN.Student2.IB-plant143-TMS21F1976P0026,TMS21F1976P0026,143,1,,1,,,,,,
21.GS.C6.SN.Student2.IB-plant144-TMS21F1976P0027,TMS21F1976P0027,144,1,,1,,,,,,
21.GS.C6.SN.Student2.IB-plant145-TMS21F1977P0001,TMS21F1977P0001,145,1,,1,,,,,,
21.GS.C6.SN.Student2.IB-plant146-TMS21F1977P0002,TMS21F1977P0002,146,1,,1,,,,,,
21.GS.C6.SN.Student2.IB-plant147-TMS21F1977P0003,TMS21F1977P0003,147,1,,1,,,,,,
21.GS.C6.SN.Student2.IB-plant148-TMS21F1977P0004,TMS21F1977P0004,148,1,,1,,,,,,
21.GS.C6.SN.Student2.IB-plant149-TMS21F1978P0001,TMS21F1978P0001,149,1,,1,,,,,,
21.GS.C6.SN.Student2.IB-plant150-TMS21F1978P0002,TMS21F1978P0002,150,1,,1,,,,,,
21.GS.C6.SN.Student2.IB-plant151-TMS21F1978P0003,TMS21F1978P0003,151,1,,1,,,,,,
21.GS.C6.SN.Student2.IB-plant152-TMS21F1978P0004,TMS21F1978P0004,152,1,,1,,,,,,
21.GS.C6.SN.Student2.IB-plant153-TMS21F1978P0005,TMS21F1978P0005,153,1,,1,,,,,,
21.GS.C6.SN.Student2.IB-plant154-TMS21F1978P0006,TMS21F1978P0006,154,1,,1,,,,,,
21.GS.C6.SN.Student2.IB-plant155-TMS21F1978P0007,TMS21F1978P0007,155,1,,1,,,,,,
21.GS.C6.SN.Student2.IB-plant156-TMS21F1978P0008,TMS21F1978P0008,156,1,,1,,,,,,
21.GS.C6.SN.Student2.IB-plant157-TMS21F1978P0009,TMS21F1978P0009,157,1,,1,,,,,,
21.GS.C6.SN.Student2.IB-plant158-TMS21F1979P0001,TMS21F1979P0001,158,1,,1,,,,,,
21.GS.C6.SN.Student2.IB-plant159-TMS21F1979P0002,TMS21F1979P0002,159,1,,1,,,,,,
21.GS.C6.SN.Student2.IB-plant160-TMS21F1979P0003,TMS21F1979P0003,160,1,,1,,,,,,
21.GS.C6.SN.Student2.IB-plant161-TMS21F1979P0004,TMS21F1979P0004,161,1,,1,,,,,,
21.GS.C6.SN.Student2.IB-plant162-TMS21F1979P0005,TMS21F1979P0005,162,1,,1,,,,,,
21.GS.C6.SN.Student2.IB-plant163-TMS21F1979P0006,TMS21F1979P0006,163,1,,1,,,,,,
21.GS.C6.SN.Student2.IB-plant164-TMS21F1979P0007,TMS21F1979P0007,164,1,,1,,,,,,
21.GS.C6.SN.Student2.IB-plant165-TMS21F1979P0008,TMS21F1979P0008,165,1,,1,,,,,,
21.GS.C6.SN.Student2.IB-plant166-TMS21F1979P0009,TMS21F1979P0009,166,1,,1,,,,,,
21.GS.C6.SN.Student2.IB-plant167-TMS21F1979P0010,TMS21F1979P0010,167,1,,1,,,,,,
21.GS.C6.SN.Student2.IB-plant168-TMS21F1979P0011,TMS21F1979P0011,168,1,,1,,,,,,
21.GS.C6.SN.Student2.IB-plant169-TMS21F1979P0012,TMS21F1979P0012,169,1,,1,,,,,,
21.GS.C6.SN.Student2.IB-plant170-TMS21F1979P0013,TMS21F1979P0013,170,1,,1,,,,,,
21.GS.C6.SN.Student2.IB-plant171-TMS21F1979P0014,TMS21F1979P0014,171,1,,1,,,,,,
21.GS.C6.SN.Student2.IB-plant172-TMS21F1979P0015,TMS21F1979P0015,172,1,,1,,,,,,
21.GS.C6.SN.Student2.IB-plant173-TMS21F1979P0016,TMS21F1979P0016,173,1,,1,,,,,,
21.GS.C6.SN.Student2.IB-plant174-TMS21F1979P0017,TMS21F1979P0017,174,1,,1,,,,,,
21.GS.C6.SN.Student2.IB-plant175-TMS21F1979P0018,TMS21F1979P0018,175,1,,1,,,,,,
21.GS.C6.SN.Student2.IB-plant176-TMS21F1979P0019,TMS21F1979P0019,176,1,,1,,,,,,
21.GS.C6.SN.Student2.IB-plant177-TMS21F1979P0020,TMS21F1979P0020,177,1,,1,,,,,,
21.GS.C6.SN.Student2.IB-plant178-TMS21F1979P0021,TMS21F1979P0021,178,1,,1,,,,,,
21.GS.C6.SN.Student2.IB-plant179-TMS21F1979P0022,TMS21F1979P0022,179,1,,1,,,,,,
21.GS.C6.SN.Student2.IB-plant180-TMS21F1979P0023,TMS21F1979P0023,180,1,,1,,,,,,
21.GS.C6.SN.Student2.IB-plant181-TMS21F1979P0024,TMS21F1979P0024,181,1,,1,,,,,,
21.GS.C6.SN.Student2.IB-plant182-TMS21F1979P0025,TMS21F1979P0025,182,1,,1,,,,,,
21.GS.C6.SN.Student2.IB-plant183-TMS21F1979P0026,TMS21F1979P0026,183,1,,1,,,,,,
21.GS.C6.SN.Student2.IB-plant184-TMS21F1979P0027,TMS21F1979P0027,184,1,,1,,,,,,
21.GS.C6.SN.Student2.IB-plant185-TMS21F1979P0028,TMS21F1979P0028,185,1,,1,,,,,,
21.GS.C6.SN.Student2.IB-plant186-TMS21F1979P0029,TMS21F1979P0029,186,1,,1,,,,,,
21.GS.C6.SN.Student2.IB-plant187-TMS21F1979P0030,TMS21F1979P0030,187,1,,1,,,,,,
21.GS.C6.SN.Student2.IB-plant188-TMS21F1979P0031,TMS21F1979P0031,188,1,,1,,,,,,
21.GS.C6.SN.Student2.IB-plant189-TMS21F1979P0032,TMS21F1979P0032,189,1,,1,,,,,,
21.GS.C6.SN.Student2.IB-plant190-TMS21F1979P0033,TMS21F1979P0033,190,1,,1,,,,,,
21.GS.C6.SN.Student2.IB-plant191-TMS21F1979P0034,TMS21F1979P0034,191,1,,1,,,,,,
21.GS.C6.SN.Student2.IB-plant192-TMS21F1979P0035,TMS21F1979P0035,192,1,,1,,,,,,
21.GS.C6.SN.Student2.IB-plant193-TMS21F1979P0036,TMS21F1979P0036,193,1,,1,,,,,,
21.GS.C6.SN.Student2.IB-plant194-TMS21F1979P0037,TMS21F1979P0037,194,1,,1,,,,,,
21.GS.C6.SN.Student2.IB-plant195-TMS21F1979P0038,TMS21F1979P0038,195,1,,1,,,,,,
21.GS.C6.SN.Student2.IB-plant196-TMS21F1979P0039,TMS21F1979P0039,196,1,,1,,,,,,
21.GS.C6.SN.Student2.IB-plant197-TMS21F1979P0040,TMS21F1979P0040,197,1,,1,,,,,,
21.GS.C6.SN.Student2.IB-plant198-TMS21F1979P0041,TMS21F1979P0041,198,1,,1,,,,,,
21.GS.C6.SN.Student2.IB-plant199-TMS21F1979P0042,TMS21F1979P0042,199,1,,1,,,,,,
21.GS.C6.SN.Student2.IB-plant200-TMS21F1980P0001,TMS21F1980P0001,200,1,,1,,,,,,
21.GS.C6.SN.Student2.IB-plant201-TMS21F1980P0002,TMS21F1980P0002,201,1,,1,,,,,,
21.GS.C6.SN.Student2.IB-plant202-TMS21F1980P0003,TMS21F1980P0003,202,1,,1,,,,,,
21.GS.C6.SN.Student2.IB-plant203-TMS21F1980P0004,TMS21F1980P0004,203,1,,1,,,,,,
21.GS.C6.SN.Student2.IB-plant204-TMS21F1980P0005,TMS21F1980P0005,204,1,,1,,,,,,
21.GS.C6.SN.Student2.IB-plant205-TMS21F1981P0001,TMS21F1981P0001,205,1,,1,,,,,,
21.GS.C6.SN.Student2.IB-plant206-TMS21F1981P0002,TMS21F1981P0002,206,1,,1,,,,,,
21.GS.C6.SN.Student2.IB-plant207-TMS21F1981P0003,TMS21F1981P0003,207,1,,1,,,,,,
21.GS.C6.SN.Student2.IB-plant208-TMS21F1981P0004,TMS21F1981P0004,208,1,,1,,,,,,
21.GS.C6.SN.Student2.IB-plant209-TMS21F1981P0005,TMS21F1981P0005,209,1,,1,,,,,,
21.GS.C6.SN.Student2.IB-plant210-TMS21F1981P0006,TMS21F1981P0006,210,1,,1,,,,,,
21.GS.C6.SN.Student2.IB-plant211-TMS21F1981P0007,TMS21F1981P0007,211,1,,1,,,,,,
21.GS.C6.SN.Student2.IB-plant212-TMS21F1982P0001,TMS21F1982P0001,212,1,,1,,,,,,
21.GS.C6.SN.Student2.IB-plant213-TMS21F1982P0002,TMS21F1982P0002,213,1,,1,,,,,,
21.GS.C6.SN.Student2.IB-plant214-TMS21F1982P0003,TMS21F1982P0003,214,1,,1,,,,,,
21.GS.C6.SN.Student2.IB-plant215-TMS21F1982P0004,TMS21F1982P0004,215,1,,1,,,,,,
21.GS.C6.SN.Student2.IB-plant216-TMS21F1982P0005,TMS21F1982P0005,216,1,,1,,,,,,
21.GS.C6.SN.Student2.IB-plant217-TMS21F1982P0006,TMS21F1982P0006,217,1,,1,,,,,,
21.GS.C6.SN.Student2.IB-plant218-TMS21F1982P0007,TMS21F1982P0007,218,1,,1,,,,,,
21.GS.C6.SN.Student2.IB-plant219-TMS21F1982P0008,TMS21F1982P0008,219,1,,1,,,,,,
21.GS.C6.SN.Student2.IB-plant220-TMS21F1982P0009,TMS21F1982P0009,220,1,,1,,,,,,
21.GS.C6.SN.Student2.IB-plant221-TMS21F1982P0010,TMS21F1982P0010,221,1,,1,,,,,,
21.GS.C6.SN.Student2.IB-plant222-TMS21F1982P0011,TMS21F1982P0011,222,1,,1,,,,,,
21.GS.C6.SN.Student2.IB-plant223-TMS21F1982P0012,TMS21F1982P0012,223,1,,1,,,,,,
21.GS.C6.SN.Student2.IB-plant224-TMS21F1982P0013,TMS21F1982P0013,224,1,,1,,,,,,
21.GS.C6.SN.Student2.IB-plant225-TMS21F1982P0014,TMS21F1982P0014,225,1,,1,,,,,,
21.GS.C6.SN.Student2.IB-plant226-TMS21F1982P0015,TMS21F1982P0015,226,1,,1,,,,,,
21.GS.C6.SN.Student2.IB-plant227-TMS21F1982P0016,TMS21F1982P0016,227,1,,1,,,,,,
21.GS.C6.SN.Student2.IB-plant228-TMS21F1982P0017,TMS21F1982P0017,228,1,,1,,,,,,
21.GS.C6.SN.Student2.IB-plant229-TMS21F1982P0018,TMS21F1982P0018,229,1,,1,,,,,,
21.GS.C6.SN.Student2.IB-plant230-TMS21F1982P0019,TMS21F1982P0019,230,1,,1,,,,,,
21.GS.C6.SN.Student2.IB-plant231-TMS21F1982P0020,TMS21F1982P0020,231,1,,1,,,,,,
21.GS.C6.SN.Student2.IB-plant232-TMS21F1982P0021,TMS21F1982P0021,232,1,,1,,,,,,
21.GS.C6.SN.Student2.IB-plant233-TMS21F1982P0022,TMS21F1982P0022,233,1,,1,,,,,,
21.GS.C6.SN.Student2.IB-plant234-TMS21F1982P0023,TMS21F1982P0023,234,1,,1,,,,,,
21.GS.C6.SN.Student2.IB-plant235-TMS21F1983P0001,TMS21F1983P0001,235,1,,1,,,,,,
21.GS.C6.SN.Student2.IB-plant236-TMS21F1983P0002,TMS21F1983P0002,236,1,,1,,,,,,
21.GS.C6.SN.Student2.IB-plant237-TMS21F1983P0003,TMS21F1983P0003,237,1,,1,,,,,,
21.GS.C6.SN.Student2.IB-plant238-TMS21F1983P0004,TMS21F1983P0004,238,1,,1,,,,,,
21.GS.C6.SN.Student2.IB-plant239-TMS21F1983P0005,TMS21F1983P0005,239,1,,1,,,,,,
21.GS.C6.SN.Student2.IB-plant240-TMS21F1983P0006,TMS21F1983P0006,240,1,,1,,,,,,
21.GS.C6.SN.Student2.IB-plant241-TMS21F1983P0007,TMS21F1983P0007,241,1,,1,,,,,,
21.GS.C6.SN.Student2.IB-plant242-TMS21F1983P0008,TMS21F1983P0008,242,1,,1,,,,,,
21.GS.C6.SN.Student2.IB-plant243-TMS21F1983P0009,TMS21F1983P0009,243,1,,1,,,,,,
21.GS.C6.SN.Student2.IB-plant244-TMS21F1983P0010,TMS21F1983P0010,244,1,,1,,,,,,
21.GS.C6.SN.Student2.IB-plant245-TMS21F1983P0011,TMS21F1983P0011,245,1,,1,,,,,,
21.GS.C6.SN.Student2.IB-plant246-TMS21F1983P0012,TMS21F1983P0012,246,1,,1,,,,,,
21.GS.C6.SN.Student2.IB-plant247-TMS21F1983P0013,TMS21F1983P0013,247,1,,1,,,,,,
21.GS.C6.SN.Student2.IB-plant248-TMS21F1983P0014,TMS21F1983P0014,248,1,,1,,,,,,
21.GS.C6.SN.Student2.IB-plant249-TMS21F1983P0015,TMS21F1983P0015,249,1,,1,,,,,,
21.GS.C6.SN.Student2.IB-plant250-TMS21F1983P0016,TMS21F1983P0016,250,1,,1,,,,,,
21.GS.C6.SN.Student2.IB-plant251-TMS21F1983P0017,TMS21F1983P0017,251,1,,1,,,,,,
21.GS.C6.SN.Student2.IB-plant252-TMS21F1983P0018,TMS21F1983P0018,252,1,,1,,,,,,
21.GS.C6.SN.Student2.IB-plant253-TMS21F1984P0001,TMS21F1984P0001,253,1,,1,,,,,,
21.GS.C6.SN.Student2.IB-plant254-TMS21F1984P0002,TMS21F1984P0002,254,1,,1,,,,,,
21.GS.C6.SN.Student2.IB-plant255-TMS21F1984P0003,TMS21F1984P0003,255,1,,1,,,,,,
21.GS.C6.SN.Student2.IB-plant256-TMS21F1984P0004,TMS21F1984P0004,256,1,,1,,,,,,
21.GS.C6.SN.Student2.IB-plant257-TMS21F1984P0005,TMS21F1984P0005,257,1,,1,,,,,,
21.GS.C6.SN.Student2.IB-plant258-TMS21F1984P0006,TMS21F1984P0006,258,1,,1,,,,,,
21.GS.C6.SN.Student2.IB-plant259-TMS21F1985P0001,TMS21F1985P0001,259,1,,1,,,,,,
21.GS.C6.SN.Student2.IB-plant260-TMS21F1985P0002,TMS21F1985P0002,260,1,,1,,,,,,
21.GS.C6.SN.Student2.IB-plant261-TMS21F1985P0003,TMS21F1985P0003,261,1,,1,,,,,,
21.GS.C6.SN.Student2.IB-plant262-TMS21F1985P0004,TMS21F1985P0004,262,1,,1,,,,,,
21.GS.C6.SN.Student2.IB-plant263-TMS21F1985P0005,TMS21F1985P0005,263,1,,1,,,,,,
21.GS.C6.SN.Student2.IB-plant264-TMS21F1985P0006,TMS21F1985P0006,264,1,,1,,,,,,
21.GS.C6.SN.Student2.IB-plant265-TMS21F1985P0007,TMS21F1985P0007,265,1,,1,,,,,,
21.GS.C6.SN.Student2.IB-plant266-TMS21F1985P0008,TMS21F1985P0008,266,1,,1,,,,,,
21.GS.C6.SN.Student2.IB-plant267-TMS21F1986P0001,TMS21F1986P0001,267,1,,1,,,,,,
21.GS.C6.SN.Student2.IB-plant268-TMS21F1986P0002,TMS21F1986P0002,268,1,,1,,,,,,
21.GS.C6.SN.Student2.IB-plant269-TMS21F1986P0003,TMS21F1986P0003,269,1,,1,,,,,,
21.GS.C6.SN.Student2.IB-plant270-TMS21F1986P0004,TMS21F1986P0004,270,1,,1,,,,,,
21.GS.C6.SN.Student2.IB-plant271-TMS21F1986P0005,TMS21F1986P0005,271,1,,1,,,,,,
21.GS.C6.SN.Student2.IB-plant272-TMS21F1987P0001,TMS21F1987P0001,272,1,,1,,,,,,
21.GS.C6.SN.Student2.IB-plant273-TMS21F1987P0002,TMS21F1987P0002,273,1,,1,,,,,,
21.GS.C6.SN.Student2.IB-plant274-TMS21F1987P0003,TMS21F1987P0003,274,1,,1,,,,,,
21.GS.C6.SN.Student2.IB-plant275-TMS21F1987P0004,TMS21F1987P0004,275,1,,1,,,,,,
21.GS.C6.SN.Student2.IB-plant276-TMS21F1987P0005,TMS21F1987P0005,276,1,,1,,,,,,
21.GS.C6.SN.Student2.IB-plant277-TMS21F1987P0006,TMS21F1987P0006,277,1,,1,,,,,,
21.GS.C6.SN.Student2.IB-plant278-TMS21F1987P0007,TMS21F1987P0007,278,1,,1,,,,,,
21.GS.C6.SN.Student2.IB-plant279-TMS21F1987P0008,TMS21F1987P0008,279,1,,1,,,,,,
21.GS.C6.SN.Student2.IB-plant280-TMS21F1987P0009,TMS21F1987P0009,280,1,,1,,,,,,
21.GS.C6.SN.Student2.IB-plant281-TMS21F1987P0010,TMS21F1987P0010,281,1,,1,,,,,,
21.GS.C6.SN.Student2.IB-plant282-TMS21F1988P0001,TMS21F1988P0001,282,1,,1,,,,,,
21.GS.C6.SN.Student2.IB-plant283-TMS21F1988P0002,TMS21F1988P0002,283,1,,1,,,,,,
21.GS.C6.SN.Student2.IB-plant284-TMS21F1988P0003,TMS21F1988P0003,284,1,,1,,,,,,
21.GS.C6.SN.Student2.IB-plant285-TMS21F1989P0001,TMS21F1989P0001,285,1,,1,,,,,,
21.GS.C6.SN.Student2.IB-plant286-TMS21F1989P0002,TMS21F1989P0002,286,1,,1,,,,,,
21.GS.C6.SN.Student2.IB-plant287-TMS21F1989P0003,TMS21F1989P0003,287,1,,1,,,,,,
21.GS.C6.SN.Student2.IB-plant288-TMS21F1989P0004,TMS21F1989P0004,288,1,,1,,,,,,
21.GS.C6.SN.Student2.IB-plant289-TMS21F1989P0005,TMS21F1989P0005,289,1,,1,,,,,,
21.GS.C6.SN.Student2.IB-plant290-TMS21F1990P0001,TMS21F1990P0001,290,1,,1,,,,,,
21.GS.C6.SN.Student2.IB-plant291-TMS21F1990P0002,TMS21F1990P0002,291,1,,1,,,,,,
21.GS.C6.SN.Student2.IB-plant292-TMS21F1990P0003,TMS21F1990P0003,292,1,,1,,,,,,
21.GS.C6.SN.Student2.IB-plant293-TMS21F1990P0004,TMS21F1990P0004,293,1,,1,,,,,,
21.GS.C6.SN.Student2.IB-plant294-TMS21F1991P0001,TMS21F1991P0001,294,1,,1,,,,,,
21.GS.C6.SN.Student2.IB-plant295-TMS21F1991P0002,TMS21F1991P0002,295,1,,1,,,,,,
21.GS.C6.SN.Student2.IB-plant296-TMS21F1991P0003,TMS21F1991P0003,296,1,,1,,,,,,
21.GS.C6.SN.Student2.IB-plant297-TMS21F1991P0004,TMS21F1991P0004,297,1,,1,,,,,,
21.GS.C6.SN.Student2.IB-plant298-TMS21F1991P0005,TMS21F1991P0005,298,1,,1,,,,,,
21.GS.C6.SN.Student2.IB-plant299-TMS21F1991P0006,TMS21F1991P0006,299,1,,1,,,,,,
21.GS.C6.SN.Student2.IB-plant300-TMS21F1991P0007,TMS21F1991P0007,300,1,,1,,,,,,
21.GS.C6.SN.Student2.IB-plant301-TMS21F1991P0008,TMS21F1991P0008,301,1,,1,,,,,,
21.GS.C6.SN.Student2.IB-plant302-TMS21F1991P0009,TMS21F1991P0009,302,1,,1,,,,,,
21.GS.C6.SN.Student2.IB-plant303-TMS21F1991P0010,TMS21F1991P0010,303,1,,1,,,,,,
21.GS.C6.SN.Student2.IB-plant304-TMS21F1991P0011,TMS21F1991P0011,304,1,,1,,,,,,
21.GS.C6.SN.Student2.IB-plant305-TMS21F1993P0001,TMS21F1993P0001,305,1,,1,,,,,,
21.GS.C6.SN.Student2.IB-plant306-TMS21F1994P0001,TMS21F1994P0001,306,1,,1,,,,,,
21.GS.C6.SN.Student2.IB-plant307-TMS21F1994P0002,TMS21F1994P0002,307,1,,1,,,,,,
21.GS.C6.SN.Student2.IB-plant308-TMS21F1994P0003,TMS21F1994P0003,308,1,,1,,,,,,
21.GS.C6.SN.Student2.IB-plant309-TMS21F1994P0004,TMS21F1994P0004,309,1,,1,,,,,,
21.GS.C6.SN.Student2.IB-plant310-TMS21F1994P0005,TMS21F1994P0005,310,1,,1,,,,,,
21.GS.C6.SN.Student2.IB-plant311-TMS21F1994P0006,TMS21F1994P0006,311,1,,1,,,,,,
21.GS.C6.SN.Student2.IB-plant312-TMS21F1994P0007,TMS21F1994P0007,312,1,,1,,,,,,
21.GS.C6.SN.Student2.IB-plant313-TMS21F1994P0008,TMS21F1994P0008,313,1,,1,,,,,,
21.GS.C6.SN.Student2.IB-plant314-TMS21F1994P0009,TMS21F1994P0009,314,1,,1,,,,,,
21.GS.C6.SN.Student2.IB-plant315-TMS21F1994P0010,TMS21F1994P0010,315,1,,1,,,,,,
21.GS.C6.SN.Student2.IB-plant316-TMS21F1994P0011,TMS21F1994P0011,316,1,,1,,,,,,
21.GS.C6.SN.Student2.IB-plant317-TMS21F1995P0001,TMS21F1995P0001,317,1,,1,,,,,,
21.GS.C6.SN.Student2.IB-plant318-TMS21F1995P0002,TMS21F1995P0002,318,1,,1,,,,,,
21.GS.C6.SN.Student2.IB-plant319-TMS21F1995P0003,TMS21F1995P0003,319,1,,1,,,,,,
21.GS.C6.SN.Student2.IB-plant320-TMS21F1995P0004,TMS21F1995P0004,320,1,,1,,,,,,
21.GS.C6.SN.Student2.IB-plant321-TMS21F1995P0005,TMS21F1995P0005,321,1,,1,,,,,,
21.GS.C6.SN.Student2.IB-plant322-TMS21F1995P0006,TMS21F1995P0006,322,1,,1,,,,,,
21.GS.C6.SN.Student2.IB-plant323-TMS21F1996P0001,TMS21F1996P0001,323,1,,1,,,,,,
21.GS.C6.SN.Student2.IB-plant324-TMS21F1996P0002,TMS21F1996P0002,324,1,,1,,,,,,
21.GS.C6.SN.Student2.IB-plant325-TMS21F1996P0003,TMS21F1996P0003,325,1,,1,,,,,,
21.GS.C6.SN.Student2.IB-plant326-TMS21F1996P0004,TMS21F1996P0004,326,1,,1,,,,,,
21.GS.C6.SN.Student2.IB-plant327-TMS21F1996P0005,TMS21F1996P0005,327,1,,1,,,,,,
21.GS.C6.SN.Student2.IB-plant328-TMS21F1996P0006,TMS21F1996P0006,328,1,,1,,,,,,
21.GS.C6.SN.Student2.IB-plant329-TMS21F1996P0007,TMS21F1996P0007,329,1,,1,,,,,,
21.GS.C6.SN.Student2.IB-plant330-TMS21F1996P0008,TMS21F1996P0008,330,1,,1,,,,,,
21.GS.C6.SN.Student2.IB-plant331-TMS21F1996P0009,TMS21F1996P0009,331,1,,1,,,,,,
21.GS.C6.SN.Student2.IB-plant332-TMS21F1996P0010,TMS21F1996P0010,332,1,,1,,,,,,
21.GS.C6.SN.Student2.IB-plant333-TMS21F1996P0011,TMS21F1996P0011,333,1,,1,,,,,,
21.GS.C6.SN.Student2.IB-plant334-TMS21F1996P0012,TMS21F1996P0012,334,1,,1,,,,,,
21.GS.C6.SN.Student2.IB-plant335-TMS21F1996P0013,TMS21F1996P0013,335,1,,1,,,,,,
21.GS.C6.SN.Student2.IB-plant336-TMS21F1996P0014,TMS21F1996P0014,336,1,,1,,,,,,
21.GS.C6.SN.Student2.IB-plant337-TMS21F1996P0015,TMS21F1996P0015,337,1,,1,,,,,,
21.GS.C6.SN.Student2.IB-plant338-TMS21F1996P0016,TMS21F1996P0016,338,1,,1,,,,,,
21.GS.C6.SN.Student2.IB-plant339-TMS21F1996P0017,TMS21F1996P0017,339,1,,1,,,,,,
21.GS.C6.SN.Student2.IB-plant340-TMS21F1996P0018,TMS21F1996P0018,340,1,,1,,,,,,
21.GS.C6.SN.Student2.IB-plant341-TMS21F1996P0019,TMS21F1996P0019,341,1,,1,,,,,,
21.GS.C6.SN.Student2.IB-plant342-TMS21F1997P0001,TMS21F1997P0001,342,1,,1,,,,,,
21.GS.C6.SN.Student2.IB-plant343-TMS21F1997P0002,TMS21F1997P0002,343,1,,1,,,,,,
21.GS.C6.SN.Student2.IB-plant344-TMS21F1997P0003,TMS21F1997P0003,344,1,,1,,,,,,
21.GS.C6.SN.Student2.IB-plant345-TMS21F1997P0004,TMS21F1997P0004,345,1,,1,,,,,,
21.GS.C6.SN.Student2.IB-plant346-TMS21F1997P0005,TMS21F1997P0005,346,1,,1,,,,,,
21.GS.C6.SN.Student2.IB-plant347-TMS21F1997P0006,TMS21F1997P0006,347,1,,1,,,,,,
21.GS.C6.SN.Student2.IB-plant348-TMS21F1997P0007,TMS21F1997P0007,348,1,,1,,,,,,
21.GS.C6.SN.Student2.IB-plant349-TMS21F1999P0001,TMS21F1999P0001,349,1,,1,,,,,,
21.GS.C6.SN.Student2.IB-plant350-TMS21F1999P0002,TMS21F1999P0002,350,1,,1,,,,,,
21.GS.C6.SN.Student2.IB-plant351-TMS21F1999P0003,TMS21F1999P0003,351,1,,1,,,,,,
21.GS.C6.SN.Student2.IB-plant352-TMS21F1999P0004,TMS21F1999P0004,352,1,,1,,,,,,
21.GS.C6.SN.Student2.IB-plant353-TMS21F1999P0005,TMS21F1999P0005,353,1,,1,,,,,,
21.GS.C6.SN.Student2.IB-plant354-TMS21F1999P0006,TMS21F1999P0006,354,1,,1,,,,,,
21.GS.C6.SN.Student2.IB-plant355-TMS21F1999P0007,TMS21F1999P0007,355,1,,1,,,,,,
21.GS.C6.SN.Student2.IB-plant356-TMS21F1999P0008,TMS21F1999P0008,356,1,,1,,,,,,
21.GS.C6.SN.Student2.IB-plant357-TMS21F1999P0009,TMS21F1999P0009,357,1,,1,,,,,,
21.GS.C6.SN.Student2.IB-plant358-TMS21F1999P0010,TMS21F1999P0010,358,1,,1,,,,,,
21.GS.C6.SN.Student2.IB-plant359-TMS21F1999P0011,TMS21F1999P0011,359,1,,1,,,,,,
21.GS.C6.SN.Student2.IB-plant360-TMS21F1999P0012,TMS21F1999P0012,360,1,,1,,,,,,
21.GS.C6.SN.Student2.IB-plant361-TMS21F1999P0013,TMS21F1999P0013,361,1,,1,,,,,,
21.GS.C6.SN.Student2.IB-plant362-TMS21F1999P0014,TMS21F1999P0014,362,1,,1,,,,,,
21.GS.C6.SN.Student2.IB-plant363-TMS21F1999P0015,TMS21F1999P0015,363,1,,1,,,,,,
21.GS.C6.SN.Student2.IB-plant364-TMS21F1999P0016,TMS21F1999P0016,364,1,,1,,,,,,
21.GS.C6.SN.Student2.IB-plant365-TMS21F2000P0001,TMS21F2000P0001,365,1,,1,,,,,,
21.GS.C6.SN.Student2.IB-plant366-TMS21F2000P0002,TMS21F2000P0002,366,1,,1,,,,,,
21.GS.C6.SN.Student2.IB-plant367-TMS21F2000P0003,TMS21F2000P0003,367,1,,1,,,,,,
21.GS.C6.SN.Student2.IB-plant368-TMS21F2001P0001,TMS21F2001P0001,368,1,,1,,,,,,
21.GS.C6.SN.Student2.IB-plant369-TMS21F2001P0002,TMS21F2001P0002,369,1,,1,,,,,,
21.GS.C6.SN.Student2.IB-plant370-TMS21F2001P0003,TMS21F2001P0003,370,1,,1,,,,,,
21.GS.C6.SN.Student2.IB-plant371-TMS21F2001P0004,TMS21F2001P0004,371,1,,1,,,,,,
21.GS.C6.SN.Student2.IB-plant372-TMS21F2001P0005,TMS21F2001P0005,372,1,,1,,,,,,
21.GS.C6.SN.Student2.IB-plant373-TMS21F2001P0006,TMS21F2001P0006,373,1,,1,,,,,,
21.GS.C6.SN.Student2.IB-plant374-TMS21F2001P0007,TMS21F2001P0007,374,1,,1,,,,,,
21.GS.C6.SN.Student2.IB-plant375-TMS21F2001P0008,TMS21F2001P0008,375,1,,1,,,,,,
21.GS.C6.SN.Student2.IB-plant376-TMS21F2001P0009,TMS21F2001P0009,376,1,,1,,,,,,
21.GS.C6.SN.Student2.IB-plant377-TMS21F2002P0001,TMS21F2002P0001,377,1,,1,,,,,,
21.GS.C6.SN.Student2.IB-plant378-TMS21F2002P0002,TMS21F2002P0002,378,1,,1,,,,,,
21.GS.C6.SN.Student2.IB-plant379-TMS21F2002P0003,TMS21F2002P0003,379,1,,1,,,,,,
21.GS.C6.SN.Student2.IB-plant380-TMS21F2002P0004,TMS21F2002P0004,380,1,,1,,,,,,
21.GS.C6.SN.Student2.IB-plant381-TMS21F2002P0005,TMS21F2002P0005,381,1,,1,,,,,,
21.GS.C6.SN.Student2.IB-plant382-TMS21F2002P0006,TMS21F2002P0006,382,1,,1,,,,,,
21.GS.C6.SN.Student2.IB-plant383-TMS21F2002P0007,TMS21F2002P0007,383,1,,1,,,,,,
21.GS.C6.SN.Student2.IB-plant384-TMS21F2002P0008,TMS21F2002P0008,384,1,,1,,,,,,
21.GS.C6.SN.Student2.IB-plant385-TMS21F2002P0009,TMS21F2002P0009,385,1,,1,,,,,,
21.GS.C6.SN.Student2.IB-plant386-TMS21F2002P0010,TMS21F2002P0010,386,1,,1,,,,,,
21.GS.C6.SN.Student2.IB-plant387-TMS21F2002P0011,TMS21F2002P0011,387,1,,1,,,,,,
21.GS.C6.SN.Student2.IB-plant388-TMS21F2002P0012,TMS21F2002P0012,388,1,,1,,,,,,
21.GS.C6.SN.Student2.IB-plant389-TMS21F2002P0013,TMS21F2002P0013,389,1,,1,,,,,,
21.GS.C6.SN.Student2.IB-plant390-TMS21F2002P0014,TMS21F2002P0014,390,1,,1,,,,,,
21.GS.C6.SN.Student2.IB-plant391-TMS21F2002P0015,TMS21F2002P0015,391,1,,1,,,,,,
21.GS.C6.SN.Student2.IB-plant392-TMS21F2003P0001,TMS21F2003P0001,392,1,,1,,,,,,
21.GS.C6.SN.Student2.IB-plant393-TMS21F2003P0002,TMS21F2003P0002,393,1,,1,,,,,,
21.GS.C6.SN.Student2.IB-plant394-TMS21F2003P0003,TMS21F2003P0003,394,1,,1,,,,,,
21.GS.C6.SN.Student2.IB-plant395-TMS21F2003P0004,TMS21F2003P0004,395,1,,1,,,,,,
21.GS.C6.SN.Student2.IB-plant396-TMS21F2003P0005,TMS21F2003P0005,396,1,,1,,,,,,
21.GS.C6.SN.Student2.IB-plant397-TMS21F2003P0006,TMS21F2003P0006,397,1,,1,,,,,,
21.GS.C6.SN.Student2.IB-plant398-TMS21F2003P0007,TMS21F2003P0007,398,1,,1,,,,,,
21.GS.C6.SN.Student2.IB-plant399-TMS21F2003P0008,TMS21F2003P0008,399,1,,1,,,,,,
21.GS.C6.SN.Student2.IB-plant400-TMS21F2003P0009,TMS21F2003P0009,400,1,,1,,,,,,
21.GS.C6.SN.Student2.IB-plant401-TMS21F2004P0001,TMS21F2004P0001,401,1,,1,,,,,,
21.GS.C6.SN.Student2.IB-plant402-TMS21F2004P0002,TMS21F2004P0002,402,1,,1,,,,,,
21.GS.C6.SN.Student2.IB-plant403-TMS21F2004P0003,TMS21F2004P0003,403,1,,1,,,,,,
21.GS.C6.SN.Student2.IB-plant404-TMS21F2004P0004,TMS21F2004P0004,404,1,,1,,,,,,
21.GS.C6.SN.Student2.IB-plant405-TMS21F2004P0005,TMS21F2004P0005,405,1,,1,,,,,,
21.GS.C6.SN.Student2.IB-plant406-TMS21F2006P0001,TMS21F2006P0001,406,1,,1,,,,,,
21.GS.C6.SN.Student2.IB-plant407-TMS21F2006P0002,TMS21F2006P0002,407,1,,1,,,,,,
21.GS.C6.SN.Student2.IB-plant408-TMS21F2008P0001,TMS21F2008P0001,408,1,,1,,,,,,
21.GS.C6.SN.Student2.IB-plant409-TMS21F2008P0002,TMS21F2008P0002,409,1,,1,,,,,,
21.GS.C6.SN.Student2.IB-plant410-TMS21F2008P0003,TMS21F2008P0003,410,1,,1,,,,,,
21.GS.C6.SN.Student2.IB-plant411-TMS21F2008P0004,TMS21F2008P0004,411,1,,1,,,,,,
21.GS.C6.SN.Student2.IB-plant412-TMS21F2008P0005,TMS21F2008P0005,412,1,,1,,,,,,
21.GS.C6.SN.Student2.IB-plant413-TMS21F2008P0006,TMS21F2008P0006,413,1,,1,,,,,,
21.GS.C6.SN.Student2.IB-plant414-TMS21F2008P0007,TMS21F2008P0007,414,1,,1,,,,,,
21.GS.C6.SN.Student2.IB-plant415-TMS21F2008P0008,TMS21F2008P0008,415,1,,1,,,,,,
21.GS.C6.SN.Student2.IB-plant416-TMS21F2008P0009,TMS21F2008P0009,416,1,,1,,,,,,
21.GS.C6.SN.Student2.IB-plant417-TMS21F2008P0010,TMS21F2008P0010,417,1,,1,,,,,,
21.GS.C6.SN.Student2.IB-plant418-TMS21F2008P0011,TMS21F2008P0011,418,1,,1,,,,,,
21.GS.C6.SN.Student2.IB-plant419-TMS21F2008P0012,TMS21F2008P0012,419,1,,1,,,,,,
21.GS.C6.SN.Student2.IB-plant420-TMS21F2008P0013,TMS21F2008P0013,420,1,,1,,,,,,
21.GS.C6.SN.Student2.IB-plant421-TMS21F2008P0014,TMS21F2008P0014,421,1,,1,,,,,,
21.GS.C6.SN.Student2.IB-plant422-TMS21F2009P0001,TMS21F2009P0001,422,1,,1,,,,,,
21.GS.C6.SN.Student2.IB-plant423-TMS21F2009P0002,TMS21F2009P0002,423,1,,1,,,,,,
21.GS.C6.SN.Student2.IB-plant424-TMS21F2009P0003,TMS21F2009P0003,424,1,,1,,,,,,
21.GS.C6.SN.Student2.IB-plant425-TMS21F2009P0004,TMS21F2009P0004,425,1,,1,,,,,,
21.GS.C6.SN.Student2.IB-plant426-TMS21F2009P0005,TMS21F2009P0005,426,1,,1,,,,,,
21.GS.C6.SN.Student2.IB-plant427-TMS21F2009P0006,TMS21F2009P0006,427,1,,1,,,,,,
21.GS.C6.SN.Student2.IB-plant428-TMS21F2009P0007,TMS21F2009P0007,428,1,,1,,,,,,
21.GS.C6.SN.Student2.IB-plant429-TMS21F2009P0008,TMS21F2009P0008,429,1,,1,,,,,,
21.GS.C6.SN.Student2.IB-plant430-TMS21F2009P0009,TMS21F2009P0009,430,1,,1,,,,,,
21.GS.C6.SN.Student2.IB-plant431-TMS21F2009P0010,TMS21F2009P0010,431,1,,1,,,,,,
21.GS.C6.SN.Student2.IB-plant432-TMS21F2009P0011,TMS21F2009P0011,432,1,,1,,,,,,
21.GS.C6.SN.Student2.IB-plant433-TMS21F2009P0012,TMS21F2009P0012,433,1,,1,,,,,,
21.GS.C6.SN.Student2.IB-plant434-TMS21F2009P0013,TMS21F2009P0013,434,1,,1,,,,,,
21.GS.C6.SN.Student2.IB-plant435-TMS21F2009P0014,TMS21F2009P0014,435,1,,1,,,,,,
21.GS.C6.SN.Student2.IB-plant436-TMS21F2009P0015,TMS21F2009P0015,436,1,,1,,,,,,
21.GS.C6.SN.Student2.IB-plant437-TMS21F2009P0016,TMS21F2009P0016,437,1,,1,,,,,,
21.GS.C6.SN.Student2.IB-plant438-TMS21F2009P0017,TMS21F2009P0017,438,1,,1,,,,,,
21.GS.C6.SN.Student2.IB-plant439-TMS21F2009P0018,TMS21F2009P0018,439,1,,1,,,,,,
21.GS.C6.SN.Student2.IB-plant440-TMS21F2009P0019,TMS21F2009P0019,440,1,,1,,,,,,
21.GS.C6.SN.Student2.IB-plant441-TMS21F2009P0020,TMS21F2009P0020,441,1,,1,,,,,,
21.GS.C6.SN.Student2.IB-plant442-TMS21F2009P0021,TMS21F2009P0021,442,1,,1,,,,,,
21.GS.C6.SN.Student2.IB-plant443-TMS21F2009P0022,TMS21F2009P0022,443,1,,1,,,,,,
21.GS.C6.SN.Student2.IB-plant444-TMS21F2009P0023,TMS21F2009P0023,444,1,,1,,,,,,
21.GS.C6.SN.Student2.IB-plant445-TMS21F2009P0024,TMS21F2009P0024,445,1,,1,,,,,,
21.GS.C6.SN.Student2.IB-plant446-TMS21F2009P0025,TMS21F2009P0025,446,1,,1,,,,,,
21.GS.C6.SN.Student2.IB-plant447-TMS21F2010P0001,TMS21F2010P0001,447,1,,1,,,,,,
21.GS.C6.SN.Student2.IB-plant448-TMS21F2010P0002,TMS21F2010P0002,448,1,,1,,,,,,
21.GS.C6.SN.Student2.IB-plant449-TMS21F2010P0003,TMS21F2010P0003,449,1,,1,,,,,,
21.GS.C6.SN.Student2.IB-plant450-TMS21F2010P0004,TMS21F2010P0004,450,1,,1,,,,,,
21.GS.C6.SN.Student2.IB-plant451-TMS21F2010P0005,TMS21F2010P0005,451,1,,1,,,,,,
21.GS.C6.SN.Student2.IB-plant452-TMS21F2010P0006,TMS21F2010P0006,452,1,,1,,,,,,
21.GS.C6.SN.Student2.IB-plant453-TMS21F2010P0007,TMS21F2010P0007,453,1,,1,,,,,,
21.GS.C6.SN.Student2.IB-plant454-TMS21F2011P0001,TMS21F2011P0001,454,1,,1,,,,,,
21.GS.C6.SN.Student2.IB-plant455-TMS21F2011P0002,TMS21F2011P0002,455,1,,1,,,,,,
21.GS.C6.SN.Student2.IB-plant456-TMS21F2011P0003,TMS21F2011P0003,456,1,,1,,,,,,
21.GS.C6.SN.Student2.IB-plant457-TMS21F2011P0004,TMS21F2011P0004,457,1,,1,,,,,,
21.GS.C6.SN.Student2.IB-plant458-TMS21F2012P0001,TMS21F2012P0001,458,1,,1,,,,,,
21.GS.C6.SN.Student2.IB-plant459-TMS21F2012P0002,TMS21F2012P0002,459,1,,1,,,,,,
21.GS.C6.SN.Student2.IB-plant460-TMS21F2012P0003,TMS21F2012P0003,460,1,,1,,,,,,
21.GS.C6.SN.Student2.IB-plant461-TMS21F2012P0004,TMS21F2012P0004,461,1,,1,,,,,,
21.GS.C6.SN.Student2.IB-plant462-TMS21F2012P0005,TMS21F2012P0005,462,1,,1,,,,,,
21.GS.C6.SN.Student2.IB-plant463-TMS21F2012P0006,TMS21F2012P0006,463,1,,1,,,,,,
21.GS.C6.SN.Student2.IB-plant464-TMS21F2012P0007,TMS21F2012P0007,464,1,,1,,,,,,
21.GS.C6.SN.Student2.IB-plant465-TMS21F2012P0008,TMS21F2012P0008,465,1,,1,,,,,,
21.GS.C6.SN.Student2.IB-plant466-TMS21F2012P0009,TMS21F2012P0009,466,1,,1,,,,,,
21.GS.C6.SN.Student2.IB-plant467-TMS21F2012P0010,TMS21F2012P0010,467,1,,1,,,,,,
21.GS.C6.SN.Student2.IB-plant468-TMS21F2012P0011,TMS21F2012P0011,468,1,,1,,,,,,
21.GS.C6.SN.Student2.IB-plant469-TMS21F2012P0012,TMS21F2012P0012,469,1,,1,,,,,,
21.GS.C6.SN.Student2.IB-plant470-TMS21F2012P0013,TMS21F2012P0013,470,1,,1,,,,,,
21.GS.C6.SN.Student2.IB-plant471-TMS21F2012P0014,TMS21F2012P0014,471,1,,1,,,,,,
21.GS.C6.SN.Student2.IB-plant472-TMS21F2012P0015,TMS21F2012P0015,472,1,,1,,,,,,
21.GS.C6.SN.Student2.IB-plant473-TMS21F2012P0016,TMS21F2012P0016,473,1,,1,,,,,,
21.GS.C6.SN.Student2.IB-plant474-TMS21F2012P0017,TMS21F2012P0017,474,1,,1,,,,,,
21.GS.C6.SN.Student2.IB-plant475-TMS21F2012P0018,TMS21F2012P0018,475,1,,1,,,,,,
21.GS.C6.SN.Student2.IB-plant476-TMS21F2012P0019,TMS21F2012P0019,476,1,,1,,,,,,
21.GS.C6.SN.Student2.IB-plant477-TMS21F2012P0020,TMS21F2012P0020,477,1,,1,,,,,,
21.GS.C6.SN.Student2.IB-plant478-TMS21F2012P0021,TMS21F2012P0021,478,1,,1,,,,,,
21.GS.C6.SN.Student2.IB-plant479-TMS21F2012P0022,TMS21F2012P0022,479,1,,1,,,,,,
21.GS.C6.SN.Student2.IB-plant480-TMS21F2012P0023,TMS21F2012P0023,480,1,,1,,,,,,
21.GS.C6.SN.Student2.IB-plant481-TMS21F2012P0024,TMS21F2012P0024,481,1,,1,,,,,,
21.GS.C6.SN.Student2.IB-plant482-TMS21F2012P0025,TMS21F2012P0025,482,1,,1,,,,,,
21.GS.C6.SN.Student2.IB-plant483-TMS21F2013P0001,TMS21F2013P0001,483,1,,1,,,,,,
21.GS.C6.SN.Student2.IB-plant484-TMS21F2013P0002,TMS21F2013P0002,484,1,,1,,,,,,
21.GS.C6.SN.Student2.IB-plant485-TMS21F2013P0003,TMS21F2013P0003,485,1,,1,,,,,,
21.GS.C6.SN.Student2.IB-plant486-TMS21F2013P0004,TMS21F2013P0004,486,1,,1,,,,,,
21.GS.C6.SN.Student2.IB-plant487-TMS21F2013P0005,TMS21F2013P0005,487,1,,1,,,,,,
21.GS.C6.SN.Student2.IB-plant488-TMS21F2013P0006,TMS21F2013P0006,488,1,,1,,,,,,
21.GS.C6.SN.Student2.IB-plant489-TMS21F2013P0007,TMS21F2013P0007,489,1,,1,,,,,,
21.GS.C6.SN.Student2.IB-plant490-TMS21F2013P0008,TMS21F2013P0008,490,1,,1,,,,,,
21.GS.C6.SN.Student2.IB-plant491-TMS21F2013P0009,TMS21F2013P0009,491,1,,1,,,,,,
21.GS.C6.SN.Student2.IB-plant492-TMS21F2013P0010,TMS21F2013P0010,492,1,,1,,,,,,
21.GS.C6.SN.Student2.IB-plant493-TMS21F2013P0011,TMS21F2013P0011,493,1,,1,,,,,,
21.GS.C6.SN.Student2.IB-plant494-TMS21F2013P0012,TMS21F2013P0012,494,1,,1,,,,,,
21.GS.C6.SN.Student2.IB-plant495-TMS21F2013P0013,TMS21F2013P0013,495,1,,1,,,,,,
21.GS.C6.SN.Student2.IB-plant496-TMS21F2013P0014,TMS21F2013P0014,496,1,,1,,,,,,
21.GS.C6.SN.Student2.IB-plant497-TMS21F2013P0015,TMS21F2013P0015,497,1,,1,,,,,,
21.GS.C6.SN.Student2.IB-plant498-TMS21F2013P0016,TMS21F2013P0016,498,1,,1,,,,,,
21.GS.C6.SN.Student2.IB-plant499-TMS21F2013P0017,TMS21F2013P0017,499,1,,1,,,,,,
21.GS.C6.SN.Student2.IB-plant500-TMS21F2013P0018,TMS21F2013P0018,500,1,,1,,,,,,
21.GS.C6.SN.Student2.IB-plant501-TMS21F2013P0019,TMS21F2013P0019,501,1,,1,,,,,,
21.GS.C6.SN.Student2.IB-plant502-TMS21F2013P0020,TMS21F2013P0020,502,1,,1,,,,,,
21.GS.C6.SN.Student2.IB-plant503-TMS21F2013P0021,TMS21F2013P0021,503,1,,1,,,,,,
21.GS.C6.SN.Student2.IB-plant504-TMS21F2013P0022,TMS21F2013P0022,504,1,,1,,,,,,
21.GS.C6.SN.Student2.IB-plant505-TMS21F2013P0023,TMS21F2013P0023,505,1,,1,,,,,,
21.GS.C6.SN.Student2.IB-plant506-TMS21F2013P0024,TMS21F2013P0024,506,1,,1,,,,,,
21.GS.C6.SN.Student2.IB-plant507-TMS21F2013P0025,TMS21F2013P0025,507,1,,1,,,,,,
21.GS.C6.SN.Student2.IB-plant508-TMS21F2013P0026,TMS21F2013P0026,508,1,,1,,,,,,
21.GS.C6.SN.Student2.IB-plant509-TMS21F2013P0027,TMS21F2013P0027,509,1,,1,,,,,,
21.GS.C6.SN.Student2.IB-plant510-TMS21F2013P0028,TMS21F2013P0028,510,1,,1,,,,,,
21.GS.C6.SN.Student2.IB-plant511-TMS21F2013P0029,TMS21F2013P0029,511,1,,1,,,,,,
21.GS.C6.SN.Student2.IB-plant512-TMS21F2014P0001,TMS21F2014P0001,512,1,,1,,,,,,
21.GS.C6.SN.Student2.IB-plant513-TMS21F2014P0002,TMS21F2014P0002,513,1,,1,,,,,,
21.GS.C6.SN.Student2.IB-plant514-TMS21F2014P0003,TMS21F2014P0003,514,1,,1,,,,,,
21.GS.C6.SN.Student2.IB-plant515-TMS21F2014P0004,TMS21F2014P0004,515,1,,1,,,,,,
21.GS.C6.SN.Student2.IB-plant516-TMS21F2014P0005,TMS21F2014P0005,516,1,,1,,,,,,
21.GS.C6.SN.Student2.IB-plant517-TMS21F2014P0006,TMS21F2014P0006,517,1,,1,,,,,,
21.GS.C6.SN.Student2.IB-plant518-TMS21F2014P0007,TMS21F2014P0007,518,1,,1,,,,,,
21.GS.C6.SN.Student2.IB-plant519-TMS21F2014P0008,TMS21F2014P0008,519,1,,1,,,,,,
21.GS.C6.SN.Student2.IB-plant520-TMS21F2014P0009,TMS21F2014P0009,520,1,,1,,,,,,
21.GS.C6.SN.Student2.IB-plant521-TMS21F2014P0010,TMS21F2014P0010,521,1,,1,,,,,,
21.GS.C6.SN.Student2.IB-plant522-TMS21F2014P0011,TMS21F2014P0011,522,1,,1,,,,,,
21.GS.C6.SN.Student2.IB-plant523-TMS21F2014P0012,TMS21F2014P0012,523,1,,1,,,,,,
21.GS.C6.SN.Student2.IB-plant524-TMS21F2014P0013,TMS21F2014P0013,524,1,,1,,,,,,
21.GS.C6.SN.Student2.IB-plant525-TMS21F2014P0014,TMS21F2014P0014,525,1,,1,,,,,,
21.GS.C6.SN.Student2.IB-plant526-TMS21F2014P0015,TMS21F2014P0015,526,1,,1,,,,,,
21.GS.C6.SN.Student2.IB-plant527-TMS21F2014P0016,TMS21F2014P0016,527,1,,1,,,,,,
21.GS.C6.SN.Student2.IB-plant528-TMS21F2014P0017,TMS21F2014P0017,528,1,,1,,,,,,
21.GS.C6.SN.Student2.IB-plant529-TMS21F2014P0018,TMS21F2014P0018,529,1,,1,,,,,,
21.GS.C6.SN.Student2.IB-plant530-TMS21F2014P0019,TMS21F2014P0019,530,1,,1,,,,,,
21.GS.C6.SN.Student2.IB-plant531-TMS21F2014P0020,TMS21F2014P0020,531,1,,1,,,,,,
21.GS.C6.SN.Student2.IB-plant532-TMS21F2014P0021,TMS21F2014P0021,532,1,,1,,,,,,
21.GS.C6.SN.Student2.IB-plant533-TMS21F2014P0022,TMS21F2014P0022,533,1,,1,,,,,,
21.GS.C6.SN.Student2.IB-plant534-TMS21F2014P0023,TMS21F2014P0023,534,1,,1,,,,,,
21.GS.C6.SN.Student2.IB-plant535-TMS21F2015P0001,TMS21F2015P0001,535,1,,1,,,,,,
21.GS.C6.SN.Student2.IB-plant536-TMS21F2015P0002,TMS21F2015P0002,536,1,,1,,,,,,
21.GS.C6.SN.Student2.IB-plant537-TMS21F2016P0001,TMS21F2016P0001,537,1,,1,,,,,,
21.GS.C6.SN.Student2.IB-plant538-TMS21F2016P0002,TMS21F2016P0002,538,1,,1,,,,,,
21.GS.C6.SN.Student2.IB-plant539-TMS21F2016P0003,TMS21F2016P0003,539,1,,1,,,,,,
21.GS.C6.SN.Student2.IB-plant540-TMS21F2016P0004,TMS21F2016P0004,540,1,,1,,,,,,
21.GS.C6.SN.Student2.IB-plant541-TMS21F2016P0005,TMS21F2016P0005,541,1,,1,,,,,,
21.GS.C6.SN.Student2.IB-plant542-TMS21F2016P0006,TMS21F2016P0006,542,1,,1,,,,,,
21.GS.C6.SN.Student2.IB-plant543-TMS21F2016P0007,TMS21F2016P0007,543,1,,1,,,,,,
21.GS.C6.SN.Student2.IB-plant544-TMS21F2016P0008,TMS21F2016P0008,544,1,,1,,,,,,
21.GS.C6.SN.Student2.IB-plant545-TMS21F2016P0009,TMS21F2016P0009,545,1,,1,,,,,,
21.GS.C6.SN.Student2.IB-plant546-TMS21F2016P0010,TMS21F2016P0010,546,1,,1,,,,,,
21.GS.C6.SN.Student2.IB-plant547-TMS21F2016P0011,TMS21F2016P0011,547,1,,1,,,,,,
21.GS.C6.SN.Student2.IB-plant548-TMS21F2016P0012,TMS21F2016P0012,548,1,,1,,,,,,
21.GS.C6.SN.Student2.IB-plant549-TMS21F2016P0013,TMS21F2016P0013,549,1,,1,,,,,,
21.GS.C6.SN.Student2.IB-plant550-TMS21F2016P0014,TMS21F2016P0014,550,1,,1,,,,,,
21.GS.C6.SN.Student2.IB-plant551-TMS21F2016P0015,TMS21F2016P0015,551,1,,1,,,,,,
21.GS.C6.SN.Student2.IB-plant552-TMS21F2016P0016,TMS21F2016P0016,552,1,,1,,,,,,
21.GS.C6.SN.Student2.IB-plant553-TMS21F2016P0017,TMS21F2016P0017,553,1,,1,,,,,,
21.GS.C6.SN.Student2.IB-plant554-TMS21F2016P0018,TMS21F2016P0018,554,1,,1,,,,,,
21.GS.C6.SN.Student2.IB-plant555-TMS21F2016P0019,TMS21F2016P0019,555,1,,1,,,,,,
21.GS.C6.SN.Student2.IB-plant556-TMS21F2016P0020,TMS21F2016P0020,556,1,,1,,,,,,
21.GS.C6.SN.Student2.IB-plant557-TMS21F2016P0021,TMS21F2016P0021,557,1,,1,,,,,,
21.GS.C6.SN.Student2.IB-plant558-TMS21F2016P0022,TMS21F2016P0022,558,1,,1,,,,,,
21.GS.C6.SN.Student2.IB-plant559-TMS21F2016P0023,TMS21F2016P0023,559,1,,1,,,,,,
21.GS.C6.SN.Student2.IB-plant560-TMS21F2016P0024,TMS21F2016P0024,560,1,,1,,,,,,
21.GS.C6.SN.Student2.IB-plant561-TMS21F2016P0025,TMS21F2016P0025,561,1,,1,,,,,,
21.GS.C6.SN.Student2.IB-plant562-TMS21F2016P0026,TMS21F2016P0026,562,1,,1,,,,,,
21.GS.C6.SN.Student2.IB-plant563-TMS21F2016P0027,TMS21F2016P0027,563,1,,1,,,,,,
21.GS.C6.SN.Student2.IB-plant564-TMS21F2016P0028,TMS21F2016P0028,564,1,,1,,,,,,
21.GS.C6.SN.Student2.IB-plant565-TMS21F2016P0029,TMS21F2016P0029,565,1,,1,,,,,,
21.GS.C6.SN.Student2.IB-plant566-TMS21F2016P0030,TMS21F2016P0030,566,1,,1,,,,,,
21.GS.C6.SN.Student2.IB-plant567-TMS21F2016P0031,TMS21F2016P0031,567,1,,1,,,,,,
21.GS.C6.SN.Student2.IB-plant568-TMS21F2016P0032,TMS21F2016P0032,568,1,,1,,,,,,
21.GS.C6.SN.Student2.IB-plant569-TMS21F2017P0001,TMS21F2017P0001,569,1,,1,,,,,,
21.GS.C6.SN.Student2.IB-plant570-TMS21F2017P0002,TMS21F2017P0002,570,1,,1,,,,,,
21.GS.C6.SN.Student2.IB-plant571-TMS21F2018P0001,TMS21F2018P0001,571,1,,1,,,,,,
21.GS.C6.SN.Student2.IB-plant572-TMS21F2018P0002,TMS21F2018P0002,572,1,,1,,,,,,
21.GS.C6.SN.Student2.IB-plant573-TMS21F2018P0003,TMS21F2018P0003,573,1,,1,,,,,,
21.GS.C6.SN.Student2.IB-plant574-TMS21F2018P0004,TMS21F2018P0004,574,1,,1,,,,,,
21.GS.C6.SN.Student2.IB-plant575-TMS21F2018P0005,TMS21F2018P0005,575,1,,1,,,,,,
21.GS.C6.SN.Student2.IB-plant576-TMS21F2018P0006,TMS21F2018P0006,576,1,,1,,,,,,
21.GS.C6.SN.Student2.IB-plant577-TMS21F2018P0007,TMS21F2018P0007,577,1,,1,,,,,,
21.GS.C6.SN.Student2.IB-plant578-TMS21F2018P0008,TMS21F2018P0008,578,1,,1,,,,,,
21.GS.C6.SN.Student2.IB-plant579-TMS21F2018P0009,TMS21F2018P0009,579,1,,1,,,,,,
21.GS.C6.SN.Student2.IB-plant580-TMS21F2018P0010,TMS21F2018P0010,580,1,,1,,,,,,
21.GS.C6.SN.Student2.IB-plant581-TMS21F2019P0001,TMS21F2019P0001,581,1,,1,,,,,,
21.GS.C6.SN.Student2.IB-plant582-TMS21F2019P0002,TMS21F2019P0002,582,1,,1,,,,,,
21.GS.C6.SN.Student2.IB-plant583-TMS21F2019P0003,TMS21F2019P0003,583,1,,1,,,,,,
21.GS.C6.SN.Student2.IB-plant584-TMS21F2019P0004,TMS21F2019P0004,584,1,,1,,,,,,
21.GS.C6.SN.Student2.IB-plant585-TMS21F2019P0005,TMS21F2019P0005,585,1,,1,,,,,,
21.GS.C6.SN.Student2.IB-plant586-TMS21F2019P0006,TMS21F2019P0006,586,1,,1,,,,,,
21.GS.C6.SN.Student2.IB-plant587-TMS21F2019P0007,TMS21F2019P0007,587,1,,1,,,,,,
21.GS.C6.SN.Student2.IB-plant588-TMS21F2019P0008,TMS21F2019P0008,588,1,,1,,,,,,
21.GS.C6.SN.Student2.IB-plant589-TMS21F2019P0009,TMS21F2019P0009,589,1,,1,,,,,,
21.GS.C6.SN.Student2.IB-plant590-TMS21F2019P0010,TMS21F2019P0010,590,1,,1,,,,,,
21.GS.C6.SN.Student2.IB-plant591-TMS21F2019P0011,TMS21F2019P0011,591,1,,1,,,,,,
21.GS.C6.SN.Student2.IB-plant592-TMS21F2019P0012,TMS21F2019P0012,592,1,,1,,,,,,
21.GS.C6.SN.Student2.IB-plant593-TMS21F2019P0013,TMS21F2019P0013,593,1,,1,,,,,,
21.GS.C6.SN.Student2.IB-plant594-TMS21F2019P0014,TMS21F2019P0014,594,1,,1,,,,,,
21.GS.C6.SN.Student2.IB-plant595-TMS21F2019P0015,TMS21F2019P0015,595,1,,1,,,,,,
21.GS.C6.SN.Student2.IB-plant596-TMS21F2019P0016,TMS21F2019P0016,596,1,,1,,,,,,
21.GS.C6.SN.Student2.IB-plant597-TMS21F2019P0017,TMS21F2019P0017,597,1,,1,,,,,,
21.GS.C6.SN.Student2.IB-plant598-TMS21F2019P0018,TMS21F2019P0018,598,1,,1,,,,,,
21.GS.C6.SN.Student2.IB-plant599-TMS21F2019P0019,TMS21F2019P0019,599,1,,1,,,,,,
21.GS.C6.SN.Student2.IB-plant600-TMS21F2019P0020,TMS21F2019P0020,600,1,,1,,,,,,
21.GS.C6.SN.Student2.IB-plant601-TMS21F2020P0001,TMS21F2020P0001,601,1,,1,,,,,,
21.GS.C6.SN.Student2.IB-plant602-TMS21F2020P0002,TMS21F2020P0002,602,1,,1,,,,,,
21.GS.C6.SN.Student2.IB-plant603-TMS21F2020P0003,TMS21F2020P0003,603,1,,1,,,,,,
21.GS.C6.SN.Student2.IB-plant604-TMS21F2020P0004,TMS21F2020P0004,604,1,,1,,,,,,
21.GS.C6.SN.Student2.IB-plant605-TMS21F2020P0005,TMS21F2020P0005,605,1,,1,,,,,,
21.GS.C6.SN.Student2.IB-plant606-TMS21F2020P0006,TMS21F2020P0006,606,1,,1,,,,,,
21.GS.C6.SN.Student2.IB-plant607-TMS21F2020P0007,TMS21F2020P0007,607,1,,1,,,,,,
21.GS.C6.SN.Student2.IB-plant608-TMS21F2020P0008,TMS21F2020P0008,608,1,,1,,,,,,
21.GS.C6.SN.Student2.IB-plant609-TMS21F2020P0009,TMS21F2020P0009,609,1,,1,,,,,,
21.GS.C6.SN.Student2.IB-plant610-TMS21F2020P0010,TMS21F2020P0010,610,1,,1,,,,,,
21.GS.C6.SN.Student2.IB-plant611-TMS21F2020P0011,TMS21F2020P0011,611,1,,1,,,,,,
21.GS.C6.SN.Student2.IB-plant612-TMS21F2020P0012,TMS21F2020P0012,612,1,,1,,,,,,
21.GS.C6.SN.Student2.IB-plant613-TMS21F2020P0013,TMS21F2020P0013,613,1,,1,,,,,,
21.GS.C6.SN.Student2.IB-plant614-TMS21F2020P0014,TMS21F2020P0014,614,1,,1,,,,,,
21.GS.C6.SN.Student2.IB-plant615-TMS21F2020P0015,TMS21F2020P0015,615,1,,1,,,,,,
21.GS.C6.SN.Student2.IB-plant616-TMS21F2020P0016,TMS21F2020P0016,616,1,,1,,,,,,
21.GS.C6.SN.Student2.IB-plant617-TMS21F2020P0017,TMS21F2020P0017,617,1,,1,,,,,,
21.GS.C6.SN.Student2.IB-plant618-TMS21F2023P0001,TMS21F2023P0001,618,1,,1,,,,,,
21.GS.C6.SN.Student2.IB-plant619-TMS21F2023P0002,TMS21F2023P0002,619,1,,1,,,,,,
21.GS.C6.SN.Student2.IB-plant620-TMS21F2023P0003,TMS21F2023P0003,620,1,,1,,,,,,
21.GS.C6.SN.Student2.IB-plant621-TMS21F2023P0004,TMS21F2023P0004,621,1,,1,,,,,,
21.GS.C6.SN.Student2.IB-plant622-TMS21F2024P0001,TMS21F2024P0001,622,1,,1,,,,,,
21.GS.C6.SN.Student2.IB-plant623-TMS21F2024P0002,TMS21F2024P0002,623,1,,1,,,,,,
21.GS.C6.SN.Student2.IB-plant624-TMS21F2024P0003,TMS21F2024P0003,624,1,,1,,,,,,
21.GS.C6.SN.Student2.IB-plant625-TMS21F2024P0004,TMS21F2024P0004,625,1,,1,,,,,,
21.GS.C6.SN.Student2.IB-plant626-TMS21F2024P0005,TMS21F2024P0005,626,1,,1,,,,,,
21.GS.C6.SN.Student2.IB-plant627-TMS21F2024P0006,TMS21F2024P0006,627,1,,1,,,,,,
21.GS.C6.SN.Student2.IB-plant628-TMS21F2024P0007,TMS21F2024P0007,628,1,,1,,,,,,
21.GS.C6.SN.Student2.IB-plant629-TMS21F2026P0001,TMS21F2026P0001,629,1,,1,,,,,,
21.GS.C6.SN.Student2.IB-plant630-TMS21F2026P0002,TMS21F2026P0002,630,1,,1,,,,,,
21.GS.C6.SN.Student2.IB-plant631-TMS21F2026P0003,TMS21F2026P0003,631,1,,1,,,,,,
21.GS.C6.SN.Student2.IB-plant632-TMS21F2028P0001,TMS21F2028P0001,632,1,,1,,,,,,
21.GS.C6.SN.Student2.IB-plant633-TMS21F2028P0002,TMS21F2028P0002,633,1,,1,,,,,,
21.GS.C6.SN.Student2.IB-plant634-TMS21F2029P0001,TMS21F2029P0001,634,1,,1,,,,,,
21.GS.C6.SN.Student2.IB-plant635-TMS21F2029P0002,TMS21F2029P0002,635,1,,1,,,,,,
21.GS.C6.SN.Student2.IB-plant636-TMS21F2030P0001,TMS21F2030P0001,636,1,,1,,,,,,
21.GS.C6.SN.Student2.IB-plant637-TMS21F2030P0002,TMS21F2030P0002,637,1,,1,,,,,,
21.GS.C6.SN.Student2.IB-plant638-TMS21F2030P0003,TMS21F2030P0003,638,1,,1,,,,,,
21.GS.C6.SN.Student2.IB-plant639-TMS21F2030P0004,TMS21F2030P0004,639,1,,1,,,,,,
21.GS.C6.SN.Student2.IB-plant640-TMS21F2030P0005,TMS21F2030P0005,640,1,,1,,,,,,
21.GS.C6.SN.Student2.IB-plant641-TMS21F2030P0006,TMS21F2030P0006,641,1,,1,,,,,,
21.GS.C6.SN.Student2.IB-plant642-TMS21F2030P0007,TMS21F2030P0007,642,1,,1,,,,,,
21.GS.C6.SN.Student2.IB-plant643-TMS21F2030P0008,TMS21F2030P0008,643,1,,1,,,,,,
21.GS.C6.SN.Student2.IB-plant644-TMS21F2030P0009,TMS21F2030P0009,644,1,,1,,,,,,
21.GS.C6.SN.Student2.IB-plant645-TMS21F2030P0010,TMS21F2030P0010,645,1,,1,,,,,,
21.GS.C6.SN.Student2.IB-plant646-TMS21F2030P0011,TMS21F2030P0011,646,1,,1,,,,,,
21.GS.C6.SN.Student2.IB-plant647-TMS21F2030P0012,TMS21F2030P0012,647,1,,1,,,,,,
21.GS.C6.SN.Student2.IB-plant648-TMS21F2030P0013,TMS21F2030P0013,648,1,,1,,,,,,
21.GS.C6.SN.Student2.IB-plant649-TMS21F2030P0014,TMS21F2030P0014,649,1,,1,,,,,,
21.GS.C6.SN.Student2.IB-plant650-TMS21F2031P0001,TMS21F2031P0001,650,1,,1,,,,,,
21.GS.C6.SN.Student2.IB-plant651-TMS21F2031P0002,TMS21F2031P0002,651,1,,1,,,,,,
21.GS.C6.SN.Student2.IB-plant652-TMS21F2031P0003,TMS21F2031P0003,652,1,,1,,,,,,
21.GS.C6.SN.Student2.IB-plant653-TMS21F2031P0004,TMS21F2031P0004,653,1,,1,,,,,,
21.GS.C6.SN.Student2.IB-plant654-TMS21F2031P0005,TMS21F2031P0005,654,1,,1,,,,,,
21.GS.C6.SN.Student2.IB-plant655-TMS21F2031P0006,TMS21F2031P0006,655,1,,1,,,,,,
21.GS.C6.SN.Student2.IB-plant656-TMS21F2031P0007,TMS21F2031P0007,656,1,,1,,,,,,
21.GS.C6.SN.Student2.IB-plant657-TMS21F2031P0008,TMS21F2031P0008,657,1,,1,,,,,,
21.GS.C6.SN.Student2.IB-plant658-TMS21F2031P0009,TMS21F2031P0009,658,1,,1,,,,,,
21.GS.C6.SN.Student2.IB-plant659-TMS21F2031P0010,TMS21F2031P0010,659,1,,1,,,,,,
21.GS.C6.SN.Student2.IB-plant660-TMS21F2031P0011,TMS21F2031P0011,660,1,,1,,,,,,
21.GS.C6.SN.Student2.IB-plant661-TMS21F2031P0012,TMS21F2031P0012,661,1,,1,,,,,,
21.GS.C6.SN.Student2.IB-plant662-TMS21F2031P0013,TMS21F2031P0013,662,1,,1,,,,,,
21.GS.C6.SN.Student2.IB-plant663-TMS21F2031P0014,TMS21F2031P0014,663,1,,1,,,,,,
21.GS.C6.SN.Student2.IB-plant664-TMS21F2031P0015,TMS21F2031P0015,664,1,,1,,,,,,
21.GS.C6.SN.Student2.IB-plant665-TMS21F2031P0016,TMS21F2031P0016,665,1,,1,,,,,,
21.GS.C6.SN.Student2.IB-plant666-TMS21F2031P0017,TMS21F2031P0017,666,1,,1,,,,,,
21.GS.C6.SN.Student2.IB-plant667-TMS21F2031P0018,TMS21F2031P0018,667,1,,1,,,,,,
21.GS.C6.SN.Student2.IB-plant668-TMS21F2031P0019,TMS21F2031P0019,668,1,,1,,,,,,
21.GS.C6.SN.Student2.IB-plant669-TMS21F2031P0020,TMS21F2031P0020,669,1,,1,,,,,,
21.GS.C6.SN.Student2.IB-plant670-TMS21F2031P0021,TMS21F2031P0021,670,1,,1,,,,,,
21.GS.C6.SN.Student2.IB-plant671-TMS21F2031P0022,TMS21F2031P0022,671,1,,1,,,,,,
21.GS.C6.SN.Student2.IB-plant672-TMS21F2031P0023,TMS21F2031P0023,672,1,,1,,,,,,
21.GS.C6.SN.Student2.IB-plant673-TMS21F2031P0024,TMS21F2031P0024,673,1,,1,,,,,,
21.GS.C6.SN.Student2.IB-plant674-TMS21F2031P0025,TMS21F2031P0025,674,1,,1,,,,,,
21.GS.C6.SN.Student2.IB-plant675-TMS21F2031P0026,TMS21F2031P0026,675,1,,1,,,,,,
21.GS.C6.SN.Student2.IB-plant676-TMS21F2031P0027,TMS21F2031P0027,676,1,,1,,,,,,
21.GS.C6.SN.Student2.IB-plant677-TMS21F2031P0028,TMS21F2031P0028,677,1,,1,,,,,,
21.GS.C6.SN.Student2.IB-plant678-TMS21F2031P0029,TMS21F2031P0029,678,1,,1,,,,,,
21.GS.C6.SN.Student2.IB-plant679-TMS21F2031P0030,TMS21F2031P0030,679,1,,1,,,,,,
21.GS.C6.SN.Student2.IB-plant680-TMS21F2031P0031,TMS21F2031P0031,680,1,,1,,,,,,
21.GS.C6.SN.Student2.IB-plant681-TMS21F2031P0032,TMS21F2031P0032,681,1,,1,,,,,,
21.GS.C6.SN.Student2.IB-plant682-TMS21F2031P0033,TMS21F2031P0033,682,1,,1,,,,,,
21.GS.C6.SN.Student2.IB-plant683-TMS21F2031P0034,TMS21F2031P0034,683,1,,1,,,,,,
21.GS.C6.SN.Student2.IB-plant684-TMS21F2031P0035,TMS21F2031P0035,684,1,,1,,,,,,
21.GS.C6.SN.Student2.IB-plant685-TMS21F2031P0036,TMS21F2031P0036,685,1,,1,,,,,,
21.GS.C6.SN.Student2.IB-plant686-TMS21F2031P0037,TMS21F2031P0037,686,1,,1,,,,,,
21.GS.C6.SN.Student2.IB-plant687-TMS21F2031P0038,TMS21F2031P0038,687,1,,1,,,,,,
21.GS.C6.SN.Student2.IB-plant688-TMS21F2031P0039,TMS21F2031P0039,688,1,,1,,,,,,
21.GS.C6.SN.Student2.IB-plant689-TMS21F2031P0040,TMS21F2031P0040,689,1,,1,,,,,,
21.GS.C6.SN.Student2.IB-plant690-TMS21F2031P0041,TMS21F2031P0041,690,1,,1,,,,,,
21.GS.C6.SN.Student2.IB-plant691-TMS21F2031P0042,TMS21F2031P0042,691,1,,1,,,,,,
21.GS.C6.SN.Student2.IB-plant692-TMS21F2031P0043,TMS21F2031P0043,692,1,,1,,,,,,
21.GS.C6.SN.Student2.IB-plant693-TMS21F2031P0044,TMS21F2031P0044,693,1,,1,,,,,,
21.GS.C6.SN.Student2.IB-plant694-TMS21F2031P0045,TMS21F2031P0045,694,1,,1,,,,,,
21.GS.C6.SN.Student2.IB-plant695-TMS21F2031P0046,TMS21F2031P0046,695,1,,1,,,,,,
21.GS.C6.SN.Student2.IB-plant696-TMS21F2031P0047,TMS21F2031P0047,696,1,,1,,,,,,
21.GS.C6.SN.Student2.IB-plant697-TMS21F2031P0048,TMS21F2031P0048,697,1,,1,,,,,,
21.GS.C6.SN.Student2.IB-plant698-TMS21F2032P0001,TMS21F2032P0001,698,1,,1,,,,,,
21.GS.C6.SN.Student2.IB-plant699-TMS21F2032P0002,TMS21F2032P0002,699,1,,1,,,,,,
21.GS.C6.SN.Student2.IB-plant700-TMS21F2032P0003,TMS21F2032P0003,700,1,,1,,,,,,
21.GS.C6.SN.Student2.IB-plant701-TMS21F2032P0004,TMS21F2032P0004,701,1,,1,,,,,,
21.GS.C6.SN.Student2.IB-plant702-TMS21F2032P0005,TMS21F2032P0005,702,1,,1,,,,,,
21.GS.C6.SN.Student2.IB-plant703-TMS21F2032P0006,TMS21F2032P0006,703,1,,1,,,,,,
21.GS.C6.SN.Student2.IB-plant704-TMS21F2032P0007,TMS21F2032P0007,704,1,,1,,,,,,
21.GS.C6.SN.Student2.IB-plant705-TMS21F2032P0008,TMS21F2032P0008,705,1,,1,,,,,,
21.GS.C6.SN.Student2.IB-plant706-TMS21F2032P0009,TMS21F2032P0009,706,1,,1,,,,,,
21.GS.C6.SN.Student2.IB-plant707-TMS21F2032P0010,TMS21F2032P0010,707,1,,1,,,,,,
21.GS.C6.SN.Student2.IB-plant708-TMS21F2032P0011,TMS21F2032P0011,708,1,,1,,,,,,
21.GS.C6.SN.Student2.IB-plant709-TMS21F2032P0012,TMS21F2032P0012,709,1,,1,,,,,,
21.GS.C6.SN.Student2.IB-plant710-TMS21F2032P0013,TMS21F2032P0013,710,1,,1,,,,,,
21.GS.C6.SN.Student2.IB-plant711-TMS21F2032P0014,TMS21F2032P0014,711,1,,1,,,,,,
21.GS.C6.SN.Student2.IB-plant712-TMS21F2032P0015,TMS21F2032P0015,712,1,,1,,,,,,
21.GS.C6.SN.Student2.IB-plant713-TMS21F2032P0016,TMS21F2032P0016,713,1,,1,,,,,,
21.GS.C6.SN.Student2.IB-plant714-TMS21F2032P0017,TMS21F2032P0017,714,1,,1,,,,,,
21.GS.C6.SN.Student2.IB-plant715-TMS21F2032P0018,TMS21F2032P0018,715,1,,1,,,,,,
21.GS.C6.SN.Student2.IB-plant716-TMS21F2032P0019,TMS21F2032P0019,716,1,,1,,,,,,
21.GS.C6.SN.Student2.IB-plant717-TMS21F2032P0020,TMS21F2032P0020,717,1,,1,,,,,,
21.GS.C6.SN.Student2.IB-plant718-TMS21F2032P0021,TMS21F2032P0021,718,1,,1,,,,,,
21.GS.C6.SN.Student2.IB-plant719-TMS21F2032P0022,TMS21F2032P0022,719,1,,1,,,,,,
21.GS.C6.SN.Student2.IB-plant720-TMS21F2032P0023,TMS21F2032P0023,720,1,,1,,,,,,
21.GS.C6.SN.Student2.IB-plant721-TMS21F2032P0024,TMS21F2032P0024,721,1,,1,,,,,,
21.GS.C6.SN.Student2.IB-plant722-TMS21F2033P0001,TMS21F2033P0001,722,1,,1,,,,,,
21.GS.C6.SN.Student2.IB-plant723-TMS21F2033P0002,TMS21F2033P0002,723,1,,1,,,,,,
21.GS.C6.SN.Student2.IB-plant724-TMS21F2033P0003,TMS21F2033P0003,724,1,,1,,,,,,
21.GS.C6.SN.Student2.IB-plant725-TMS21F2033P0004,TMS21F2033P0004,725,1,,1,,,,,,
21.GS.C6.SN.Student2.IB-plant726-TMS21F2033P0005,TMS21F2033P0005,726,1,,1,,,,,,
21.GS.C6.SN.Student2.IB-plant727-TMS21F2033P0006,TMS21F2033P0006,727,1,,1,,,,,,
21.GS.C6.SN.Student2.IB-plant728-TMS21F2033P0007,TMS21F2033P0007,728,1,,1,,,,,,
21.GS.C6.SN.Student2.IB-plant729-TMS21F2033P0008,TMS21F2033P0008,729,1,,1,,,,,,
21.GS.C6.SN.Student2.IB-plant730-TMS21F2033P0009,TMS21F2033P0009,730,1,,1,,,,,,
21.GS.C6.SN.Student2.IB-plant731-TMS21F2033P0010,TMS21F2033P0010,731,1,,1,,,,,,
21.GS.C6.SN.Student2.IB-plant732-TMS21F2034P0001,TMS21F2034P0001,732,1,,1,,,,,,
21.GS.C6.SN.Student2.IB-plant733-TMS21F2034P0002,TMS21F2034P0002,733,1,,1,,,,,,
21.GS.C6.SN.Student2.IB-plant734-TMS21F2034P0003,TMS21F2034P0003,734,1,,1,,,,,,
21.GS.C6.SN.Student2.IB-plant735-TMS21F2035P0001,TMS21F2035P0001,735,1,,1,,,,,,
21.GS.C6.SN.Student2.IB-plant736-TMS21F2035P0002,TMS21F2035P0002,736,1,,1,,,,,,
21.GS.C6.SN.Student2.IB-plant737-TMS21F2035P0003,TMS21F2035P0003,737,1,,1,,,,,,
21.GS.C6.SN.Student2.IB-plant738-TMS21F2035P0004,TMS21F2035P0004,738,1,,1,,,,,,
21.GS.C6.SN.Student2.IB-plant739-TMS21F2036P0001,TMS21F2036P0001,739,1,,1,,,,,,
21.GS.C6.SN.Student2.IB-plant740-TMS21F2036P0002,TMS21F2036P0002,740,1,,1,,,,,,
21.GS.C6.SN.Student2.IB-plant741-TMS21F2036P0003,TMS21F2036P0003,741,1,,1,,,,,,
21.GS.C6.SN.Student2.IB-plant742-TMS21F2036P0004,TMS21F2036P0004,742,1,,1,,,,,,
21.GS.C6.SN.Student2.IB-plant743-TMS21F2036P0005,TMS21F2036P0005,743,1,,1,,,,,,
21.GS.C6.SN.Student2.IB-plant744-TMS21F2036P0006,TMS21F2036P0006,744,1,,1,,,,,,
21.GS.C6.SN.Student2.IB-plant745-TMS21F2036P0007,TMS21F2036P0007,745,1,,1,,,,,,
21.GS.C6.SN.Student2.IB-plant746-TMS21F2037P0001,TMS21F2037P0001,746,1,,1,,,,,,
21.GS.C6.SN.Student2.IB-plant747-TMS21F2037P0002,TMS21F2037P0002,747,1,,1,,,,,,
21.GS.C6.SN.Student2.IB-plant748-TMS21F2038P0001,TMS21F2038P0001,748,1,,1,,,,,,
21.GS.C6.SN.Student2.IB-plant749-TMS21F2038P0002,TMS21F2038P0002,749,1,,1,,,,,,
21.GS.C6.SN.Student2.IB-plant750-TMS21F2038P0003,TMS21F2038P0003,750,1,,1,,,,,,
21.GS.C6.SN.Student2.IB-plant751-TMS21F2038P0004,TMS21F2038P0004,751,1,,1,,,,,,
21.GS.C6.SN.Student2.IB-plant752-TMS21F2038P0005,TMS21F2038P0005,752,1,,1,,,,,,
21.GS.C6.SN.Student2.IB-plant753-TMS21F2038P0006,TMS21F2038P0006,753,1,,1,,,,,,
21.GS.C6.SN.Student2.IB-plant754-TMS21F2038P0007,TMS21F2038P0007,754,1,,1,,,,,,
21.GS.C6.SN.Student2.IB-plant755-TMS21F2038P0008,TMS21F2038P0008,755,1,,1,,,,,,
21.GS.C6.SN.Student2.IB-plant756-TMS21F2038P0009,TMS21F2038P0009,756,1,,1,,,,,,
21.GS.C6.SN.Student2.IB-plant757-TMS21F2038P0010,TMS21F2038P0010,757,1,,1,,,,,,
21.GS.C6.SN.Student2.IB-plant758-TMS21F2038P0011,TMS21F2038P0011,758,1,,1,,,,,,
21.GS.C6.SN.Student2.IB-plant759-TMS21F2038P0012,TMS21F2038P0012,759,1,,1,,,,,,
21.GS.C6.SN.Student2.IB-plant760-TMS21F2038P0013,TMS21F2038P0013,760,1,,1,,,,,,
21.GS.C6.SN.Student2.IB-plant761-TMS21F2038P0014,TMS21F2038P0014,761,1,,1,,,,,,
21.GS.C6.SN.Student2.IB-plant762-TMS21F2038P0015,TMS21F2038P0015,762,1,,1,,,,,,
21.GS.C6.SN.Student2.IB-plant763-TMS21F2038P0016,TMS21F2038P0016,763,1,,1,,,,,,
21.GS.C6.SN.Student2.IB-plant764-TMS21F2038P0017,TMS21F2038P0017,764,1,,1,,,,,,
21.GS.C6.SN.Student2.IB-plant765-TMS21F2038P0018,TMS21F2038P0018,765,1,,1,,,,,,
21.GS.C6.SN.Student2.IB-plant766-TMS21F2038P0019,TMS21F2038P0019,766,1,,1,,,,,,
21.GS.C6.SN.Student2.IB-plant767-TMS21F2038P0020,TMS21F2038P0020,767,1,,1,,,,,,
21.GS.C6.SN.Student2.IB-plant768-TMS21F2038P0021,TMS21F2038P0021,768,1,,1,,,,,,
21.GS.C6.SN.Student2.IB-plant769-TMS21F2038P0022,TMS21F2038P0022,769,1,,1,,,,,,
21.GS.C6.SN.Student2.IB-plant770-TMS21F2038P0023,TMS21F2038P0023,770,1,,1,,,,,,
21.GS.C6.SN.Student2.IB-plant771-TMS21F2038P0024,TMS21F2038P0024,771,1,,1,,,,,,
21.GS.C6.SN.Student2.IB-plant772-TMS21F2038P0025,TMS21F2038P0025,772,1,,1,,,,,,
21.GS.C6.SN.Student2.IB-plant773-TMS21F2038P0026,TMS21F2038P0026,773,1,,1,,,,,,
21.GS.C6.SN.Student2.IB-plant774-TMS21F2038P0027,TMS21F2038P0027,774,1,,1,,,,,,
21.GS.C6.SN.Student2.IB-plant775-TMS21F2038P0028,TMS21F2038P0028,775,1,,1,,,,,,
21.GS.C6.SN.Student2.IB-plant776-TMS21F2039P0001,TMS21F2039P0001,776,1,,1,,,,,,
21.GS.C6.SN.Student2.IB-plant777-TMS21F2039P0002,TMS21F2039P0002,777,1,,1,,,,,,
21.GS.C6.SN.Student2.IB-plant778-TMS21F2039P0003,TMS21F2039P0003,778,1,,1,,,,,,
21.GS.C6.SN.Student2.IB-plant779-TMS21F2039P0004,TMS21F2039P0004,779,1,,1,,,,,,
21.GS.C6.SN.Student2.IB-plant780-TMS21F2039P0005,TMS21F2039P0005,780,1,,1,,,,,,
21.GS.C6.SN.Student2.IB-plant781-TMS21F2039P0006,TMS21F2039P0006,781,1,,1,,,,,,
21.GS.C6.SN.Student2.IB-plant782-TMS21F2039P0007,TMS21F2039P0007,782,1,,1,,,,,,
21.GS.C6.SN.Student2.IB-plant783-TMS21F2039P0008,TMS21F2039P0008,783,1,,1,,,,,,
21.GS.C6.SN.Student2.IB-plant784-TMS21F2039P0009,TMS21F2039P0009,784,1,,1,,,,,,
21.GS.C6.SN.Student2.IB-plant785-TMS21F2040P0001,TMS21F2040P0001,785,1,,1,,,,,,
21.GS.C6.SN.Student2.IB-plant786-TMS21F2040P0002,TMS21F2040P0002,786,1,,1,,,,,,
21.GS.C6.SN.Student2.IB-plant787-TMS21F2040P0003,TMS21F2040P0003,787,1,,1,,,,,,
21.GS.C6.SN.Student2.IB-plant788-TMS21F2040P0004,TMS21F2040P0004,788,1,,1,,,,,,
21.GS.C6.SN.Student2.IB-plant789-TMS21F2040P0005,TMS21F2040P0005,789,1,,1,,,,,,
21.GS.C6.SN.Student2.IB-plant790-TMS21F2040P0006,TMS21F2040P0006,790,1,,1,,,,,,
21.GS.C6.SN.Student2.IB-plant791-TMS21F2040P0007,TMS21F2040P0007,791,1,,1,,,,,,
21.GS.C6.SN.Student2.IB-plant792-TMS21F2040P0008,TMS21F2040P0008,792,1,,1,,,,,,
21.GS.C6.SN.Student2.IB-plant793-TMS21F2040P0009,TMS21F2040P0009,793,1,,1,,,,,,
21.GS.C6.SN.Student2.IB-plant794-TMS21F2040P0010,TMS21F2040P0010,794,1,,1,,,,,,
21.GS.C6.SN.Student2.IB-plant795-TMS21F2040P0011,TMS21F2040P0011,795,1,,1,,,,,,
21.GS.C6.SN.Student2.IB-plant796-TMS21F2041P0001,TMS21F2041P0001,796,1,,1,,,,,,
21.GS.C6.SN.Student2.IB-plant797-TMS21F2041P0002,TMS21F2041P0002,797,1,,1,,,,,,
21.GS.C6.SN.Student2.IB-plant798-TMS21F2041P0003,TMS21F2041P0003,798,1,,1,,,,,,
21.GS.C6.SN.Student2.IB-plant799-TMS21F2041P0004,TMS21F2041P0004,799,1,,1,,,,,,
21.GS.C6.SN.Student2.IB-plant800-TMS21F2041P0005,TMS21F2041P0005,800,1,,1,,,,,,
21.GS.C6.SN.Student2.IB-plant801-TMS21F2041P0006,TMS21F2041P0006,801,1,,1,,,,,,
21.GS.C6.SN.Student2.IB-plant802-TMS21F2041P0007,TMS21F2041P0007,802,1,,1,,,,,,
21.GS.C6.SN.Student2.IB-plant803-TMS21F2041P0008,TMS21F2041P0008,803,1,,1,,,,,,
21.GS.C6.SN.Student2.IB-plant804-TMS21F2041P0009,TMS21F2041P0009,804,1,,1,,,,,,
21.GS.C6.SN.Student2.IB-plant805-TMS21F2041P0010,TMS21F2041P0010,805,1,,1,,,,,,
21.GS.C6.SN.Student2.IB-plant806-TMS21F2041P0011,TMS21F2041P0011,806,1,,1,,,,,,
21.GS.C6.SN.Student2.IB-plant807-TMS21F2042P0001,TMS21F2042P0001,807,1,,1,,,,,,
21.GS.C6.SN.Student2.IB-plant808-TMS21F2042P0002,TMS21F2042P0002,808,1,,1,,,,,,
21.GS.C6.SN.Student2.IB-plant809-TMS21F2042P0003,TMS21F2042P0003,809,1,,1,,,,,,
21.GS.C6.SN.Student2.IB-plant810-TMS21F2042P0004,TMS21F2042P0004,810,1,,1,,,,,,
21.GS.C6.SN.Student2.IB-plant811-TMS21F2042P0005,TMS21F2042P0005,811,1,,1,,,,,,
21.GS.C6.SN.Student2.IB-plant812-TMS21F2042P0006,TMS21F2042P0006,812,1,,1,,,,,,
21.GS.C6.SN.Student2.IB-plant813-TMS21F2043P0001,TMS21F2043P0001,813,1,,1,,,,,,
21.GS.C6.SN.Student2.IB-plant814-TMS21F2043P0002,TMS21F2043P0002,814,1,,1,,,,,,
21.GS.C6.SN.Student2.IB-plant815-TMS21F2043P0003,TMS21F2043P0003,815,1,,1,,,,,,
21.GS.C6.SN.Student2.IB-plant816-TMS21F2043P0004,TMS21F2043P0004,816,1,,1,,,,,,
21.GS.C6.SN.Student2.IB-plant817-TMS21F2043P0005,TMS21F2043P0005,817,1,,1,,,,,,
21.GS.C6.SN.Student2.IB-plant818-TMS21F2043P0006,TMS21F2043P0006,818,1,,1,,,,,,
21.GS.C6.SN.Student2.IB-plant819-TMS21F2044P0001,TMS21F2044P0001,819,1,,1,,,,,,
21.GS.C6.SN.Student2.IB-plant820-TMS21F2044P0002,TMS21F2044P0002,820,1,,1,,,,,,
21.GS.C6.SN.Student2.IB-plant821-TMS21F2044P0003,TMS21F2044P0003,821,1,,1,,,,,,
21.GS.C6.SN.Student2.IB-plant822-TMS21F2044P0004,TMS21F2044P0004,822,1,,1,,,,,,
21.GS.C6.SN.Student2.IB-plant823-TMS21F2044P0005,TMS21F2044P0005,823,1,,1,,,,,,
21.GS.C6.SN.Student2.IB-plant824-TMS21F2044P0006,TMS21F2044P0006,824,1,,1,,,,,,
21.GS.C6.SN.Student2.IB-plant825-TMS21F2044P0007,TMS21F2044P0007,825,1,,1,,,,,,
21.GS.C6.SN.Student2.IB-plant826-TMS21F2044P0008,TMS21F2044P0008,826,1,,1,,,,,,
21.GS.C6.SN.Student2.IB-plant827-TMS21F2044P0009,TMS21F2044P0009,827,1,,1,,,,,,
21.GS.C6.SN.Student2.IB-plant828-TMS21F2044P0010,TMS21F2044P0010,828,1,,1,,,,,,
21.GS.C6.SN.Student2.IB-plant829-TMS21F2044P0011,TMS21F2044P0011,829,1,,1,,,,,,
21.GS.C6.SN.Student2.IB-plant830-TMS21F2044P0012,TMS21F2044P0012,830,1,,1,,,,,,
21.GS.C6.SN.Student2.IB-plant831-TMS21F2044P0013,TMS21F2044P0013,831,1,,1,,,,,,
21.GS.C6.SN.Student2.IB-plant832-TMS21F2044P0014,TMS21F2044P0014,832,1,,1,,,,,,
21.GS.C6.SN.Student2.IB-plant833-TMS21F2044P0015,TMS21F2044P0015,833,1,,1,,,,,,
21.GS.C6.SN.Student2.IB-plant834-TMS21F2044P0016,TMS21F2044P0016,834,1,,1,,,,,,
21.GS.C6.SN.Student2.IB-plant835-TMS21F2044P0017,TMS21F2044P0017,835,1,,1,,,,,,
21.GS.C6.SN.Student2.IB-plant836-TMS21F2044P0018,TMS21F2044P0018,836,1,,1,,,,,,
21.GS.C6.SN.Student2.IB-plant837-TMS21F2044P0019,TMS21F2044P0019,837,1,,1,,,,,,
21.GS.C6.SN.Student2.IB-plant838-TMS21F2044P0020,TMS21F2044P0020,838,1,,1,,,,,,
21.GS.C6.SN.Student2.IB-plant839-TMS21F2044P0021,TMS21F2044P0021,839,1,,1,,,,,,
21.GS.C6.SN.Student2.IB-plant840-TMS21F2044P0022,TMS21F2044P0022,840,1,,1,,,,,,
21.GS.C6.SN.Student2.IB-plant841-TMS21F2044P0023,TMS21F2044P0023,841,1,,1,,,,,,
21.GS.C6.SN.Student2.IB-plant842-TMS21F2044P0024,TMS21F2044P0024,842,1,,1,,,,,,
21.GS.C6.SN.Student2.IB-plant843-TMS21F2044P0025,TMS21F2044P0025,843,1,,1,,,,,,
21.GS.C6.SN.Student2.IB-plant844-TMS21F2044P0026,TMS21F2044P0026,844,1,,1,,,,,,
21.GS.C6.SN.Student2.IB-plant845-TMS21F2044P0027,TMS21F2044P0027,845,1,,1,,,,,,
21.GS.C6.SN.Student2.IB-plant846-TMS21F2044P0028,TMS21F2044P0028,846,1,,1,,,,,,
21.GS.C6.SN.Student2.IB-plant847-TMS21F2044P0029,TMS21F2044P0029,847,1,,1,,,,,,
21.GS.C6.SN.Student2.IB-plant848-TMS21F2044P0030,TMS21F2044P0030,848,1,,1,,,,,,
21.GS.C6.SN.Student2.IB-plant849-TMS21F2044P0031,TMS21F2044P0031,849,1,,1,,,,,,
21.GS.C6.SN.Student2.IB-plant850-TMS21F2044P0032,TMS21F2044P0032,850,1,,1,,,,,,
21.GS.C6.SN.Student2.IB-plant851-TMS21F2044P0033,TMS21F2044P0033,851,1,,1,,,,,,
21.GS.C6.SN.Student2.IB-plant852-TMS21F2044P0034,TMS21F2044P0034,852,1,,1,,,,,,
21.GS.C6.SN.Student2.IB-plant853-TMS21F2044P0035,TMS21F2044P0035,853,1,,1,,,,,,
21.GS.C6.SN.Student2.IB-plant854-TMS21F2044P0036,TMS21F2044P0036,854,1,,1,,,,,,
21.GS.C6.SN.Student2.IB-plant855-TMS21F2045P0001,TMS21F2045P0001,855,1,,1,,,,,,
21.GS.C6.SN.Student2.IB-plant856-TMS21F2045P0002,TMS21F2045P0002,856,1,,1,,,,,,
21.GS.C6.SN.Student2.IB-plant857-TMS21F2045P0003,TMS21F2045P0003,857,1,,1,,,,,,
21.GS.C6.SN.Student2.IB-plant858-TMS21F2045P0004,TMS21F2045P0004,858,1,,1,,,,,,
21.GS.C6.SN.Student2.IB-plant859-TMS21F2045P0005,TMS21F2045P0005,859,1,,1,,,,,,
21.GS.C6.SN.Student2.IB-plant860-TMS21F2045P0006,TMS21F2045P0006,860,1,,1,,,,,,
21.GS.C6.SN.Student2.IB-plant861-TMS21F2045P0007,TMS21F2045P0007,861,1,,1,,,,,,
21.GS.C6.SN.Student2.IB-plant862-TMS21F2045P0008,TMS21F2045P0008,862,1,,1,,,,,,
21.GS.C6.SN.Student2.IB-plant863-TMS21F2045P0009,TMS21F2045P0009,863,1,,1,,,,,,
21.GS.C6.SN.Student2.IB-plant864-TMS21F2045P0010,TMS21F2045P0010,864,1,,1,,,,,,
21.GS.C6.SN.Student2.IB-plant865-TMS21F2045P0011,TMS21F2045P0011,865,1,,1,,,,,,
21.GS.C6.SN.Student2.IB-plant866-TMS21F2045P0012,TMS21F2045P0012,866,1,,1,,,,,,
21.GS.C6.SN.Student2.IB-plant867-TMS21F2045P0013,TMS21F2045P0013,867,1,,1,,,,,,
21.GS.C6.SN.Student2.IB-plant868-TMS21F2045P0014,TMS21F2045P0014,868,1,,1,,,,,,
21.GS.C6.SN.Student2.IB-plant869-TMS21F2045P0015,TMS21F2045P0015,869,1,,1,,,,,,
21.GS.C6.SN.Student2.IB-plant870-TMS21F2045P0016,TMS21F2045P0016,870,1,,1,,,,,,
21.GS.C6.SN.Student2.IB-plant871-TMS21F2045P0017,TMS21F2045P0017,871,1,,1,,,,,,
21.GS.C6.SN.Student2.IB-plant872-TMS21F2045P0018,TMS21F2045P0018,872,1,,1,,,,,,
21.GS.C6.SN.Student2.IB-plant873-TMS21F2045P0019,TMS21F2045P0019,873,1,,1,,,,,,
21.GS.C6.SN.Student2.IB-plant874-TMS21F2045P0020,TMS21F2045P0020,874,1,,1,,,,,,
21.GS.C6.SN.Student2.IB-plant875-TMS21F2045P0021,TMS21F2045P0021,875,1,,1,,,,,,
21.GS.C6.SN.Student2.IB-plant876-TMS21F2045P0022,TMS21F2045P0022,876,1,,1,,,,,,
21.GS.C6.SN.Student2.IB-plant877-TMS21F2045P0023,TMS21F2045P0023,877,1,,1,,,,,,
21.GS.C6.SN.Student2.IB-plant878-TMS21F2045P0024,TMS21F2045P0024,878,1,,1,,,,,,
21.GS.C6.SN.Student2.IB-plant879-TMS21F2045P0025,TMS21F2045P0025,879,1,,1,,,,,,
21.GS.C6.SN.Student2.IB-plant880-TMS21F2045P0026,TMS21F2045P0026,880,1,,1,,,,,,
21.GS.C6.SN.Student2.IB-plant881-TMS21F2045P0027,TMS21F2045P0027,881,1,,1,,,,,,
21.GS.C6.SN.Student2.IB-plant882-TMS21F2045P0028,TMS21F2045P0028,882,1,,1,,,,,,
21.GS.C6.SN.Student2.IB-plant883-TMS21F2045P0029,TMS21F2045P0029,883,1,,1,,,,,,
21.GS.C6.SN.Student2.IB-plant884-TMS21F2045P0030,TMS21F2045P0030,884,1,,1,,,,,,
21.GS.C6.SN.Student2.IB-plant885-TMS21F2045P0031,TMS21F2045P0031,885,1,,1,,,,,,
21.GS.C6.SN.Student2.IB-plant886-TMS21F2045P0032,TMS21F2045P0032,886,1,,1,,,,,,
21.GS.C6.SN.Student2.IB-plant887-TMS21F2045P0033,TMS21F2045P0033,887,1,,1,,,,,,
21.GS.C6.SN.Student2.IB-plant888-TMS21F2045P0034,TMS21F2045P0034,888,1,,1,,,,,,
21.GS.C6.SN.Student2.IB-plant889-TMS21F2045P0035,TMS21F2045P0035,889,1,,1,,,,,,
21.GS.C6.SN.Student2.IB-plant890-TMS21F2045P0036,TMS21F2045P0036,890,1,,1,,,,,,
21.GS.C6.SN.Student2.IB-plant891-TMS21F2045P0037,TMS21F2045P0037,891,1,,1,,,,,,
21.GS.C6.SN.Student2.IB-plant892-TMS21F2045P0038,TMS21F2045P0038,892,1,,1,,,,,,
21.GS.C6.SN.Student2.IB-plant893-TMS21F2045P0039,TMS21F2045P0039,893,1,,1,,,,,,
21.GS.C6.SN.Student2.IB-plant894-TMS21F2045P0040,TMS21F2045P0040,894,1,,1,,,,,,
21.GS.C6.SN.Student2.IB-plant895-TMS21F2045P0041,TMS21F2045P0041,895,1,,1,,,,,,
21.GS.C6.SN.Student2.IB-plant896-TMS21F2045P0042,TMS21F2045P0042,896,1,,1,,,,,,
21.GS.C6.SN.Student2.IB-plant897-TMS21F2045P0043,TMS21F2045P0043,897,1,,1,,,,,,
21.GS.C6.SN.Student2.IB-plant898-TMS21F2045P0044,TMS21F2045P0044,898,1,,1,,,,,,
21.GS.C6.SN.Student2.IB-plant899-TMS21F2045P0045,TMS21F2045P0045,899,1,,1,,,,,,
21.GS.C6.SN.Student2.IB-plant900-TMS21F2045P0046,TMS21F2045P0046,900,1,,1,,,,,,
21.GS.C6.SN.Student2.IB-plant901-TMS21F2045P0047,TMS21F2045P0047,901,1,,1,,,,,,
21.GS.C6.SN.Student2.IB-plant902-TMS21F2045P0048,TMS21F2045P0048,902,1,,1,,,,,,
21.GS.C6.SN.Student2.IB-plant903-TMS21F2045P0049,TMS21F2045P0049,903,1,,1,,,,,,
21.GS.C6.SN.Student2.IB-plant904-TMS21F2045P0050,TMS21F2045P0050,904,1,,1,,,,,,
21.GS.C6.SN.Student2.IB-plant905-TMS21F2045P0051,TMS21F2045P0051,905,1,,1,,,,,,
21.GS.C6.SN.Student2.IB-plant906-TMS21F2045P0052,TMS21F2045P0052,906,1,,1,,,,,,
21.GS.C6.SN.Student2.IB-plant907-TMS21F2045P0053,TMS21F2045P0053,907,1,,1,,,,,,
21.GS.C6.SN.Student2.IB-plant908-TMS21F2045P0054,TMS21F2045P0054,908,1,,1,,,,,,
21.GS.C6.SN.Student2.IB-plant909-TMS21F2045P0055,TMS21F2045P0055,909,1,,1,,,,,,
21.GS.C6.SN.Student2.IB-plant910-TMS21F2045P0056,TMS21F2045P0056,910,1,,1,,,,,,
21.GS.C6.SN.Student2.IB-plant911-TMS21F2045P0057,TMS21F2045P0057,911,1,,1,,,,,,
21.GS.C6.SN.Student2.IB-plant912-TMS21F2045P0058,TMS21F2045P0058,912,1,,1,,,,,,
21.GS.C6.SN.Student2.IB-plant913-TMS21F2045P0059,TMS21F2045P0059,913,1,,1,,,,,,
21.GS.C6.SN.Student2.IB-plant914-TMS21F2045P0060,TMS21F2045P0060,914,1,,1,,,,,,
21.GS.C6.SN.Student2.IB-plant915-TMS21F2045P0061,TMS21F2045P0061,915,1,,1,,,,,,
21.GS.C6.SN.Student2.IB-plant916-TMS21F2045P0062,TMS21F2045P0062,916,1,,1,,,,,,
21.GS.C6.SN.Student2.IB-plant917-TMS21F2045P0063,TMS21F2045P0063,917,1,,1,,,,,,
21.GS.C6.SN.Student2.IB-plant918-TMS21F2046P0001,TMS21F2046P0001,918,1,,1,,,,,,
21.GS.C6.SN.Student2.IB-plant919-TMS21F2046P0002,TMS21F2046P0002,919,1,,1,,,,,,
21.GS.C6.SN.Student2.IB-plant920-TMS21F2046P0003,TMS21F2046P0003,920,1,,1,,,,,,
21.GS.C6.SN.Student2.IB-plant921-TMS21F2046P0004,TMS21F2046P0004,921,1,,1,,,,,,
21.GS.C6.SN.Student2.IB-plant922-TMS21F2046P0005,TMS21F2046P0005,922,1,,1,,,,,,
21.GS.C6.SN.Student2.IB-plant923-TMS21F2046P0006,TMS21F2046P0006,923,1,,1,,,,,,
21.GS.C6.SN.Student2.IB-plant924-TMS21F2047P0001,TMS21F2047P0001,924,1,,1,,,,,,
21.GS.C6.SN.Student2.IB-plant925-TMS21F2047P0002,TMS21F2047P0002,925,1,,1,,,,,,
21.GS.C6.SN.Student2.IB-plant926-TMS21F2047P0003,TMS21F2047P0003,926,1,,1,,,,,,
21.GS.C6.SN.Student2.IB-plant927-TMS21F2047P0004,TMS21F2047P0004,927,1,,1,,,,,,
21.GS.C6.SN.Student2.IB-plant928-TMS21F2048P0001,TMS21F2048P0001,928,1,,1,,,,,,
21.GS.C6.SN.Student2.IB-plant929-TMS21F2048P0002,TMS21F2048P0002,929,1,,1,,,,,,
21.GS.C6.SN.Student2.IB-plant930-TMS21F2048P0003,TMS21F2048P0003,930,1,,1,,,,,,
21.GS.C6.SN.Student2.IB-plant931-TMS21F2048P0004,TMS21F2048P0004,931,1,,1,,,,,,
21.GS.C6.SN.Student2.IB-plant932-TMS21F2048P0005,TMS21F2048P0005,932,1,,1,,,,,,
21.GS.C6.SN.Student2.IB-plant933-TMS21F2048P0006,TMS21F2048P0006,933,1,,1,,,,,,
21.GS.C6.SN.Student2.IB-plant934-TMS21F2048P0007,TMS21F2048P0007,934,1,,1,,,,,,
21.GS.C6.SN.Student2.IB-plant935-TMS21F2049P0001,TMS21F2049P0001,935,1,,1,,,,,,
21.GS.C6.SN.Student2.IB-plant936-TMS21F2049P0002,TMS21F2049P0002,936,1,,1,,,,,,
21.GS.C6.SN.Student2.IB-plant937-TMS21F2049P0003,TMS21F2049P0003,937,1,,1,,,,,,
21.GS.C6.SN.Student2.IB-plant938-TMS21F2049P0004,TMS21F2049P0004,938,1,,1,,,,,,
21.GS.C6.SN.Student2.IB-plant939-TMS21F2049P0005,TMS21F2049P0005,939,1,,1,,,,,,
21.GS.C6.SN.Student2.IB-plant940-TMS21F2049P0006,TMS21F2049P0006,940,1,,1,,,,,,
21.GS.C6.SN.Student2.IB-plant941-TMS21F2049P0007,TMS21F2049P0007,941,1,,1,,,,,,
21.GS.C6.SN.Student2.IB-plant942-TMS21F2050P0001,TMS21F2050P0001,942,1,,1,,,,,,
21.GS.C6.SN.Student2.IB-plant943-TMS21F2050P0002,TMS21F2050P0002,943,1,,1,,,,,,
21.GS.C6.SN.Student2.IB-plant944-TMS21F2050P0003,TMS21F2050P0003,944,1,,1,,,,,,
21.GS.C6.SN.Student2.IB-plant945-TMS21F2051P0001,TMS21F2051P0001,945,1,,1,,,,,,
21.GS.C6.SN.Student2.IB-plant946-TMS21F2052P0001,TMS21F2052P0001,946,1,,1,,,,,,
21.GS.C6.SN.Student2.IB-plant947-TMS21F2052P0002,TMS21F2052P0002,947,1,,1,,,,,,
21.GS.C6.SN.Student2.IB-plant948-TMS21F2053P0001,TMS21F2053P0001,948,1,,1,,,,,,
21.GS.C6.SN.Student2.IB-plant949-TMS21F2053P0002,TMS21F2053P0002,949,1,,1,,,,,,
21.GS.C6.SN.Student2.IB-plant950-TMS21F2054P0001,TMS21F2054P0001,950,1,,1,,,,,,
21.GS.C6.SN.Student2.IB-plant951-TMS21F2054P0002,TMS21F2054P0002,951,1,,1,,,,,,
21.GS.C6.SN.Student2.IB-plant952-TMS21F2054P0003,TMS21F2054P0003,952,1,,1,,,,,,
21.GS.C6.SN.Student2.IB-plant953-TMS21F2054P0004,TMS21F2054P0004,953,1,,1,,,,,,
21.GS.C6.SN.Student2.IB-plant954-TMS21F2054P0005,TMS21F2054P0005,954,1,,1,,,,,,
21.GS.C6.SN.Student2.IB-plant955-TMS21F2054P0006,TMS21F2054P0006,955,1,,1,,,,,,
21.GS.C6.SN.Student2.IB-plant956-TMS21F2054P0007,TMS21F2054P0007,956,1,,1,,,,,,
21.GS.C6.SN.Student2.IB-plant957-TMS21F2054P0008,TMS21F2054P0008,957,1,,1,,,,,,
21.GS.C6.SN.Student2.IB-plant958-TMS21F2054P0009,TMS21F2054P0009,958,1,,1,,,,,,
21.GS.C6.SN.Student2.IB-plant959-TMS21F2054P0010,TMS21F2054P0010,959,1,,1,,,,,,
21.GS.C6.SN.Student2.IB-plant960-TMS21F2054P0011,TMS21F2054P0011,960,1,,1,,,,,,
21.GS.C6.SN.Student2.IB-plant961-TMS21F2054P0012,TMS21F2054P0012,961,1,,1,,,,,,
21.GS.C6.SN.Student2.IB-plant962-TMS21F2054P0013,TMS21F2054P0013,962,1,,1,,,,,,
21.GS.C6.SN.Student2.IB-plant963-TMS21F2054P0014,TMS21F2054P0014,963,1,,1,,,,,,
21.GS.C6.SN.Student2.IB-plant964-TMS21F2054P0015,TMS21F2054P0015,964,1,,1,,,,,,
21.GS.C6.SN.Student2.IB-plant965-TMS21F2054P0016,TMS21F2054P0016,965,1,,1,,,,,,
21.GS.C6.SN.Student2.IB-plant966-TMS21F2054P0017,TMS21F2054P0017,966,1,,1,,,,,,
21.GS.C6.SN.Student2.IB-plant967-TMS21F2054P0018,TMS21F2054P0018,967,1,,1,,,,,,
21.GS.C6.SN.Student2.IB-plant968-TMS21F2054P0019,TMS21F2054P0019,968,1,,1,,,,,,
21.GS.C6.SN.Student2.IB-plant969-TMS21F2054P0020,TMS21F2054P0020,969,1,,1,,,,,,
21.GS.C6.SN.Student2.IB-plant970-TMS21F2054P0021,TMS21F2054P0021,970,1,,1,,,,,,
21.GS.C6.SN.Student2.IB-plant971-TMS21F2054P0022,TMS21F2054P0022,971,1,,1,,,,,,
21.GS.C6.SN.Student2.IB-plant972-TMS21F2054P0023,TMS21F2054P0023,972,1,,1,,,,,,
21.GS.C6.SN.Student2.IB-plant973-TMS21F2054P0024,TMS21F2054P0024,973,1,,1,,,,,,
21.GS.C6.SN.Student2.IB-plant974-TMS21F2054P0025,TMS21F2054P0025,974,1,,1,,,,,,
21.GS.C6.SN.Student2.IB-plant975-TMS21F2054P0026,TMS21F2054P0026,975,1,,1,,,,,,
21.GS.C6.SN.Student2.IB-plant976-TMS21F2054P0027,TMS21F2054P0027,976,1,,1,,,,,,
21.GS.C6.SN.Student2.IB-plant977-TMS21F2054P0028,TMS21F2054P0028,977,1,,1,,,,,,
21.GS.C6.SN.Student2.IB-plant978-TMS21F2054P0029,TMS21F2054P0029,978,1,,1,,,,,,
21.GS.C6.SN.Student2.IB-plant979-TMS21F2054P0030,TMS21F2054P0030,979,1,,1,,,,,,
21.GS.C6.SN.Student2.IB-plant980-TMS21F2054P0031,TMS21F2054P0031,980,1,,1,,,,,,
21.GS.C6.SN.Student2.IB-plant981-TMS21F2054P0032,TMS21F2054P0032,981,1,,1,,,,,,
21.GS.C6.SN.Student2.IB-plant982-TMS21F2054P0033,TMS21F2054P0033,982,1,,1,,,,,,
21.GS.C6.SN.Student2.IB-plant983-TMS21F2054P0034,TMS21F2054P0034,983,1,,1,,,,,,
21.GS.C6.SN.Student2.IB-plant984-TMS21F2054P0035,TMS21F2054P0035,984,1,,1,,,,,,
21.GS.C6.SN.Student2.IB-plant985-TMS21F2054P0036,TMS21F2054P0036,985,1,,1,,,,,,
21.GS.C6.SN.Student2.IB-plant986-TMS21F2054P0037,TMS21F2054P0037,986,1,,1,,,,,,
21.GS.C6.SN.Student2.IB-plant987-TMS21F2055P0001,TMS21F2055P0001,987,1,,1,,,,,,
21.GS.C6.SN.Student2.IB-plant988-TMS21F2055P0002,TMS21F2055P0002,988,1,,1,,,,,,
21.GS.C6.SN.Student2.IB-plant989-TMS21F2055P0003,TMS21F2055P0003,989,1,,1,,,,,,
21.GS.C6.SN.Student2.IB-plant990-TMS21F2055P0004,TMS21F2055P0004,990,1,,1,,,,,,
21.GS.C6.SN.Student2.IB-plant991-TMS21F2055P0005,TMS21F2055P0005,991,1,,1,,,,,,
21.GS.C6.SN.Student2.IB-plant992-TMS21F2055P0006,TMS21F2055P0006,992,1,,1,,,,,,
21.GS.C6.SN.Student2.IB-plant993-TMS21F2055P0007,TMS21F2055P0007,993,1,,1,,,,,,
21.GS.C6.SN.Student2.IB-plant994-TMS21F2055P0008,TMS21F2055P0008,994,1,,1,,,,,,
21.GS.C6.SN.Student2.IB-plant995-TMS21F2055P0009,TMS21F2055P0009,995,1,,1,,,,,,
21.GS.C6.SN.Student2.IB-plant996-TMS21F2055P0010,TMS21F2055P0010,996,1,,1,,,,,,
21.GS.C6.SN.Student2.IB-plant997-TMS21F2055P0011,TMS21F2055P0011,997,1,,1,,,,,,
21.GS.C6.SN.Student2.IB-plant998-TMS21F2055P0012,TMS21F2055P0012,998,1,,1,,,,,,
21.GS.C6.SN.Student2.IB-plant999-TMS21F2055P0013,TMS21F2055P0013,999,1,,1,,,,,,
21.GS.C6.SN.Student2.IB-plant1000-TMS21F2055P0014,TMS21F2055P0014,1000,1,,1,,,,,,
21.GS.C6.SN.Student2.IB-plant1001-TMS21F2055P0015,TMS21F2055P0015,1001,1,,1,,,,,,
21.GS.C6.SN.Student2.IB-plant1002-TMS21F2055P0016,TMS21F2055P0016,1002,1,,1,,,,,,
21.GS.C6.SN.Student2.IB-plant1003-TMS21F2055P0017,TMS21F2055P0017,1003,1,,1,,,,,,
21.GS.C6.SN.Student2.IB-plant1004-TMS21F2055P0018,TMS21F2055P0018,1004,1,,1,,,,,,
21.GS.C6.SN.Student2.IB-plant1005-TMS21F2055P0019,TMS21F2055P0019,1005,1,,1,,,,,,
21.GS.C6.SN.Student2.IB-plant1006-TMS21F2055P0020,TMS21F2055P0020,1006,1,,1,,,,,,
21.GS.C6.SN.Student2.IB-plant1007-TMS21F2055P0021,TMS21F2055P0021,1007,1,,1,,,,,,
21.GS.C6.SN.Student2.IB-plant1008-TMS21F2055P0022,TMS21F2055P0022,1008,1,,1,,,,,,
21.GS.C6.SN.Student2.IB-plant1009-TMS21F2055P0023,TMS21F2055P0023,1009,1,,1,,,,,,
21.GS.C6.SN.Student2.IB-plant1010-TMS21F2055P0024,TMS21F2055P0024,1010,1,,1,,,,,,
21.GS.C6.SN.Student2.IB-plant1011-TMS21F2055P0025,TMS21F2055P0025,1011,1,,1,,,,,,
21.GS.C6.SN.Student2.IB-plant1012-TMS21F2055P0026,TMS21F2055P0026,1012,1,,1,,,,,,
21.GS.C6.SN.Student2.IB-plant1013-TMS21F2055P0027,TMS21F2055P0027,1013,1,,1,,,,,,
21.GS.C6.SN.Student2.IB-plant1014-TMS21F2055P0028,TMS21F2055P0028,1014,1,,1,,,,,,
21.GS.C6.SN.Student2.IB-plant1015-TMS21F2055P0029,TMS21F2055P0029,1015,1,,1,,,,,,
21.GS.C6.SN.Student2.IB-plant1016-TMS21F2055P0030,TMS21F2055P0030,1016,1,,1,,,,,,
21.GS.C6.SN.Student2.IB-plant1017-TMS21F2055P0031,TMS21F2055P0031,1017,1,,1,,,,,,
21.GS.C6.SN.Student2.IB-plant1018-TMS21F2055P0032,TMS21F2055P0032,1018,1,,1,,,,,,
21.GS.C6.SN.Student2.IB-plant1019-TMS21F2055P0033,TMS21F2055P0033,1019,1,,1,,,,,,
21.GS.C6.SN.Student2.IB-plant1020-TMS21F2055P0034,TMS21F2055P0034,1020,1,,1,,,,,,
21.GS.C6.SN.Student2.IB-plant1021-TMS21F2055P0035,TMS21F2055P0035,1021,1,,1,,,,,,
21.GS.C6.SN.Student2.IB-plant1022-TMS21F2055P0036,TMS21F2055P0036,1022,1,,1,,,,,,
21.GS.C6.SN.Student2.IB-plant1023-TMS21F2055P0037,TMS21F2055P0037,1023,1,,1,,,,,,
21.GS.C6.SN.Student2.IB-plant1024-TMS21F2055P0038,TMS21F2055P0038,1024,1,,1,,,,,,
21.GS.C6.SN.Student2.IB-plant1025-TMS21F2055P0039,TMS21F2055P0039,1025,1,,1,,,,,,
21.GS.C6.SN.Student2.IB-plant1026-TMS21F2055P0040,TMS21F2055P0040,1026,1,,1,,,,,,
21.GS.C6.SN.Student2.IB-plant1027-TMS21F2055P0041,TMS21F2055P0041,1027,1,,1,,,,,,
21.GS.C6.SN.Student2.IB-plant1028-TMS21F2055P0042,TMS21F2055P0042,1028,1,,1,,,,,,
21.GS.C6.SN.Student2.IB-plant1029-TMS21F2055P0043,TMS21F2055P0043,1029,1,,1,,,,,,
21.GS.C6.SN.Student2.IB-plant1030-TMS21F2056P0001,TMS21F2056P0001,1030,1,,1,,,,,,
21.GS.C6.SN.Student2.IB-plant1031-TMS21F2056P0002,TMS21F2056P0002,1031,1,,1,,,,,,
21.GS.C6.SN.Student2.IB-plant1032-TMS21F2056P0003,TMS21F2056P0003,1032,1,,1,,,,,,
21.GS.C6.SN.Student2.IB-plant1033-TMS21F2056P0004,TMS21F2056P0004,1033,1,,1,,,,,,
21.GS.C6.SN.Student2.IB-plant1034-TMS21F2056P0005,TMS21F2056P0005,1034,1,,1,,,,,,
21.GS.C6.SN.Student2.IB-plant1035-TMS21F2056P0006,TMS21F2056P0006,1035,1,,1,,,,,,
21.GS.C6.SN.Student2.IB-plant1036-TMS21F2056P0007,TMS21F2056P0007,1036,1,,1,,,,,,
21.GS.C6.SN.Student2.IB-plant1037-TMS21F2056P0008,TMS21F2056P0008,1037,1,,1,,,,,,
21.GS.C6.SN.Student2.IB-plant1038-TMS21F2056P0009,TMS21F2056P0009,1038,1,,1,,,,,,
21.GS.C6.SN.Student2.IB-plant1039-TMS21F2056P0010,TMS21F2056P0010,1039,1,,1,,,,,,
21.GS.C6.SN.Student2.IB-plant1040-TMS21F2056P0011,TMS21F2056P0011,1040,1,,1,,,,,,
21.GS.C6.SN.Student2.IB-plant1041-TMS21F2056P0012,TMS21F2056P0012,1041,1,,1,,,,,,
21.GS.C6.SN.Student2.IB-plant1042-TMS21F2056P0013,TMS21F2056P0013,1042,1,,1,,,,,,
21.GS.C6.SN.Student2.IB-plant1043-TMS21F2056P0014,TMS21F2056P0014,1043,1,,1,,,,,,
21.GS.C6.SN.Student2.IB-plant1044-TMS21F2056P0015,TMS21F2056P0015,1044,1,,1,,,,,,
21.GS.C6.SN.Student2.IB-plant1045-TMS21F2056P0016,TMS21F2056P0016,1045,1,,1,,,,,,
21.GS.C6.SN.Student2.IB-plant1046-TMS21F2057P0001,TMS21F2057P0001,1046,1,,1,,,,,,
21.GS.C6.SN.Student2.IB-plant1047-TMS21F2057P0002,TMS21F2057P0002,1047,1,,1,,,,,,
21.GS.C6.SN.Student2.IB-plant1048-TMS21F2057P0003,TMS21F2057P0003,1048,1,,1,,,,,,
21.GS.C6.SN.Student2.IB-plant1049-TMS21F2057P0004,TMS21F2057P0004,1049,1,,1,,,,,,
21.GS.C6.SN.Student2.IB-plant1050-TMS21F2057P0005,TMS21F2057P0005,1050,1,,1,,,,,,
21.GS.C6.SN.Student2.IB-plant1051-TMS21F2057P0006,TMS21F2057P0006,1051,1,,1,,,,,,
21.GS.C6.SN.Student2.IB-plant1052-TMS21F2057P0007,TMS21F2057P0007,1052,1,,1,,,,,,
21.GS.C6.SN.Student2.IB-plant1053-TMS21F2057P0008,TMS21F2057P0008,1053,1,,1,,,,,,
21.GS.C6.SN.Student2.IB-plant1054-TMS21F2057P0009,TMS21F2057P0009,1054,1,,1,,,,,,
21.GS.C6.SN.Student2.IB-plant1055-TMS21F2057P0010,TMS21F2057P0010,1055,1,,1,,,,,,
21.GS.C6.SN.Student2.IB-plant1056-TMS21F2057P0011,TMS21F2057P0011,1056,1,,1,,,,,,
21.GS.C6.SN.Student2.IB-plant1057-TMS21F2057P0012,TMS21F2057P0012,1057,1,,1,,,,,,
21.GS.C6.SN.Student2.IB-plant1058-TMS21F2057P0013,TMS21F2057P0013,1058,1,,1,,,,,,
21.GS.C6.SN.Student2.IB-plant1059-TMS21F2057P0014,TMS21F2057P0014,1059,1,,1,,,,,,
21.GS.C6.SN.Student2.IB-plant1060-TMS21F2058P0001,TMS21F2058P0001,1060,1,,1,,,,,,
21.GS.C6.SN.Student2.IB-plant1061-TMS21F2058P0002,TMS21F2058P0002,1061,1,,1,,,,,,
21.GS.C6.SN.Student2.IB-plant1062-TMS21F2058P0003,TMS21F2058P0003,1062,1,,1,,,,,,
21.GS.C6.SN.Student2.IB-plant1063-TMS21F2058P0004,TMS21F2058P0004,1063,1,,1,,,,,,
21.GS.C6.SN.Student2.IB-plant1064-TMS21F2058P0005,TMS21F2058P0005,1064,1,,1,,,,,,
21.GS.C6.SN.Student2.IB-plant1065-TMS21F2058P0006,TMS21F2058P0006,1065,1,,1,,,,,,
21.GS.C6.SN.Student2.IB-plant1066-TMS21F2058P0007,TMS21F2058P0007,1066,1,,1,,,,,,
21.GS.C6.SN.Student2.IB-plant1067-TMS21F2058P0008,TMS21F2058P0008,1067,1,,1,,,,,,
21.GS.C6.SN.Student2.IB-plant1068-TMS21F2058P0009,TMS21F2058P0009,1068,1,,1,,,,,,
21.GS.C6.SN.Student2.IB-plant1069-TMS21F2058P0010,TMS21F2058P0010,1069,1,,1,,,,,,
21.GS.C6.SN.Student2.IB-plant1070-TMS21F2059P0001,TMS21F2059P0001,1070,1,,1,,,,,,
21.GS.C6.SN.Student2.IB-plant1071-TMS21F2059P0002,TMS21F2059P0002,1071,1,,1,,,,,,
21.GS.C6.SN.Student2.IB-plant1072-TMS21F2059P0003,TMS21F2059P0003,1072,1,,1,,,,,,
21.GS.C6.SN.Student2.IB-plant1073-TMS21F2059P0004,TMS21F2059P0004,1073,1,,1,,,,,,
21.GS.C6.SN.Student2.IB-plant1074-TMS21F2059P0005,TMS21F2059P0005,1074,1,,1,,,,,,
21.GS.C6.SN.Student2.IB-plant1075-TMS21F2059P0006,TMS21F2059P0006,1075,1,,1,,,,,,
21.GS.C6.SN.Student2.IB-plant1076-TMS21F2059P0007,TMS21F2059P0007,1076,1,,1,,,,,,
21.GS.C6.SN.Student2.IB-plant1077-TMS21F2060P0001,TMS21F2060P0001,1077,1,,1,,,,,,
21.GS.C6.SN.Student2.IB-plant1078-TMS21F2060P0002,TMS21F2060P0002,1078,1,,1,,,,,,
21.GS.C6.SN.Student2.IB-plant1079-TMS21F2060P0003,TMS21F2060P0003,1079,1,,1,,,,,,
21.GS.C6.SN.Student2.IB-plant1080-TMS21F2060P0004,TMS21F2060P0004,1080,1,,1,,,,,,
21.GS.C6.SN.Student2.IB-plant1081-TMS21F2060P0005,TMS21F2060P0005,1081,1,,1,,,,,,
21.GS.C6.SN.Student2.IB-plant1082-TMS21F2060P0006,TMS21F2060P0006,1082,1,,1,,,,,,
21.GS.C6.SN.Student2.IB-plant1083-TMS21F2060P0007,TMS21F2060P0007,1083,1,,1,,,,,,
21.GS.C6.SN.Student2.IB-plant1084-TMS21F2060P0008,TMS21F2060P0008,1084,1,,1,,,,,,
21.GS.C6.SN.Student2.IB-plant1085-TMS21F2060P0009,TMS21F2060P0009,1085,1,,1,,,,,,
21.GS.C6.SN.Student2.IB-plant1086-TMS21F2061P0001,TMS21F2061P0001,1086,1,,1,,,,,,
21.GS.C6.SN.Student2.IB-plant1087-TMS21F2061P0002,TMS21F2061P0002,1087,1,,1,,,,,,
21.GS.C6.SN.Student2.IB-plant1088-TMS21F2061P0003,TMS21F2061P0003,1088,1,,1,,,,,,
21.GS.C6.SN.Student2.IB-plant1089-TMS21F2061P0004,TMS21F2061P0004,1089,1,,1,,,,,,
21.GS.C6.SN.Student2.IB-plant1090-TMS21F2061P0005,TMS21F2061P0005,1090,1,,1,,,,,,
21.GS.C6.SN.Student2.IB-plant1091-TMS21F2061P0006,TMS21F2061P0006,1091,1,,1,,,,,,
21.GS.C6.SN.Student2.IB-plant1092-TMS21F2061P0007,TMS21F2061P0007,1092,1,,1,,,,,,
21.GS.C6.SN.Student2.IB-plant1093-TMS21F2062P0001,TMS21F2062P0001,1093,1,,1,,,,,,
21.GS.C6.SN.Student2.IB-plant1094-TMS21F2062P0002,TMS21F2062P0002,1094,1,,1,,,,,,
21.GS.C6.SN.Student2.IB-plant1095-TMS21F2063P0001,TMS21F2063P0001,1095,1,,1,,,,,,
21.GS.C6.SN.Student2.IB-plant1096-TMS21F2063P0002,TMS21F2063P0002,1096,1,,1,,,,,,
21.GS.C6.SN.Student2.IB-plant1097-TMS21F2063P0003,TMS21F2063P0003,1097,1,,1,,,,,,
21.GS.C6.SN.Student2.IB-plant1098-TMS21F2063P0004,TMS21F2063P0004,1098,1,,1,,,,,,
21.GS.C6.SN.Student2.IB-plant1099-TMS21F2064P0001,TMS21F2064P0001,1099,1,,1,,,,,,
21.GS.C6.SN.Student2.IB-plant1100-TMS21F2064P0002,TMS21F2064P0002,1100,1,,1,,,,,,
21.GS.C6.SN.Student2.IB-plant1101-TMS21F2064P0003,TMS21F2064P0003,1101,1,,1,,,,,,
21.GS.C6.SN.Student2.IB-plant1102-TMS21F2064P0004,TMS21F2064P0004,1102,1,,1,,,,,,
21.GS.C6.SN.Student2.IB-plant1103-TMS21F2064P0005,TMS21F2064P0005,1103,1,,1,,,,,,
21.GS.C6.SN.Student2.IB-plant1104-TMS21F2064P0006,TMS21F2064P0006,1104,1,,1,,,,,,
21.GS.C6.SN.Student2.IB-plant1105-TMS21F2064P0007,TMS21F2064P0007,1105,1,,1,,,,,,
21.GS.C6.SN.Student2.IB-plant1106-TMS21F2064P0008,TMS21F2064P0008,1106,1,,1,,,,,,
21.GS.C6.SN.Student2.IB-plant1107-TMS21F2064P0009,TMS21F2064P0009,1107,1,,1,,,,,,
21.GS.C6.SN.Student2.IB-plant1108-TMS21F2064P0010,TMS21F2064P0010,1108,1,,1,,,,,,
21.GS.C6.SN.Student2.IB-plant1109-TMS21F2064P0011,TMS21F2064P0011,1109,1,,1,,,,,,
21.GS.C6.SN.Student2.IB-plant1110-TMS21F2065P0001,TMS21F2065P0001,1110,1,,1,,,,,,
21.GS.C6.SN.Student2.IB-plant1111-TMS21F2065P0002,TMS21F2065P0002,1111,1,,1,,,,,,
21.GS.C6.SN.Student2.IB-plant1112-TMS21F2065P0003,TMS21F2065P0003,1112,1,,1,,,,,,
21.GS.C6.SN.Student2.IB-plant1113-TMS21F2066P0001,TMS21F2066P0001,1113,1,,1,,,,,,
21.GS.C6.SN.Student2.IB-plant1114-TMS21F2066P0002,TMS21F2066P0002,1114,1,,1,,,,,,
21.GS.C6.SN.Student2.IB-plant1115-TMS21F2067P0001,TMS21F2067P0001,1115,1,,1,,,,,,
21.GS.C6.SN.Student2.IB-plant1116-TMS21F2068P0001,TMS21F2068P0001,1116,1,,1,,,,,,
21.GS.C6.SN.Student2.IB-plant1117-TMS21F2068P0002,TMS21F2068P0002,1117,1,,1,,,,,,
21.GS.C6.SN.Student2.IB-plant1118-TMS21F2068P0003,TMS21F2068P0003,1118,1,,1,,,,,,
21.GS.C6.SN.Student2.IB-plant1119-TMS21F2068P0004,TMS21F2068P0004,1119,1,,1,,,,,,
21.GS.C6.SN.Student2.IB-plant1120-TMS21F2068P0005,TMS21F2068P0005,1120,1,,1,,,,,,
21.GS.C6.SN.Student2.IB-plant1121-TMS21F2069P0001,TMS21F2069P0001,1121,1,,1,,,,,,
21.GS.C6.SN.Student2.IB-plant1122-TMS21F2069P0002,TMS21F2069P0002,1122,1,,1,,,,,,
21.GS.C6.SN.Student2.IB-plant1123-TMS21F2070P0001,TMS21F2070P0001,1123,1,,1,,,,,,
21.GS.C6.SN.Student2.IB-plant1124-TMS21F2070P0002,TMS21F2070P0002,1124,1,,1,,,,,,
21.GS.C6.SN.Student2.IB-plant1125-TMS21F2070P0003,TMS21F2070P0003,1125,1,,1,,,,,,
21.GS.C6.SN.Student2.IB-plant1126-TMS21F2070P0004,TMS21F2070P0004,1126,1,,1,,,,,,
21.GS.C6.SN.Student2.IB-plant1127-TMS21F2070P0005,TMS21F2070P0005,1127,1,,1,,,,,,
21.GS.C6.SN.Student2.IB-plant1128-TMS21F2071P0001,TMS21F2071P0001,1128,1,,1,,,,,,
21.GS.C6.SN.Student2.IB-plant1129-TMS21F2071P0002,TMS21F2071P0002,1129,1,,1,,,,,,
21.GS.C6.SN.Student2.IB-plant1130-TMS21F2071P0003,TMS21F2071P0003,1130,1,,1,,,,,,
21.GS.C6.SN.Student2.IB-plant1131-TMS21F2071P0004,TMS21F2071P0004,1131,1,,1,,,,,,
21.GS.C6.SN.Student2.IB-plant1132-TMS21F2071P0005,TMS21F2071P0005,1132,1,,1,,,,,,
21.GS.C6.SN.Student2.IB-plant1133-TMS21F2071P0006,TMS21F2071P0006,1133,1,,1,,,,,,
21.GS.C6.SN.Student2.IB-plant1134-TMS21F2071P0007,TMS21F2071P0007,1134,1,,1,,,,,,
21.GS.C6.SN.Student2.IB-plant1135-TMS21F2071P0008,TMS21F2071P0008,1135,1,,1,,,,,,
21.GS.C6.SN.Student2.IB-plant1136-TMS21F2071P0009,TMS21F2071P0009,1136,1,,1,,,,,,
21.GS.C6.SN.Student2.IB-plant1137-TMS21F2071P0010,TMS21F2071P0010,1137,1,,1,,,,,,
21.GS.C6.SN.Student2.IB-plant1138-TMS21F2071P0011,TMS21F2071P0011,1138,1,,1,,,,,,
21.GS.C6.SN.Student2.IB-plant1139-TMS21F2071P0012,TMS21F2071P0012,1139,1,,1,,,,,,
21.GS.C6.SN.Student2.IB-plant1140-TMS21F2071P0013,TMS21F2071P0013,1140,1,,1,,,,,,
21.GS.C6.SN.Student2.IB-plant1141-TMS21F2071P0014,TMS21F2071P0014,1141,1,,1,,,,,,
21.GS.C6.SN.Student2.IB-plant1142-TMS21F2071P0015,TMS21F2071P0015,1142,1,,1,,,,,,
21.GS.C6.SN.Student2.IB-plant1143-TMS21F2071P0016,TMS21F2071P0016,1143,1,,1,,,,,,
21.GS.C6.SN.Student2.IB-plant1144-TMS21F2071P0017,TMS21F2071P0017,1144,1,,1,,,,,,
21.GS.C6.SN.Student2.IB-plant1145-TMS21F2072P0001,TMS21F2072P0001,1145,1,,1,,,,,,
21.GS.C6.SN.Student2.IB-plant1146-TMS21F2072P0002,TMS21F2072P0002,1146,1,,1,,,,,,
21.GS.C6.SN.Student2.IB-plant1147-TMS21F2072P0003,TMS21F2072P0003,1147,1,,1,,,,,,
21.GS.C6.SN.Student2.IB-plant1148-TMS21F2072P0004,TMS21F2072P0004,1148,1,,1,,,,,,
21.GS.C6.SN.Student2.IB-plant1149-TMS21F2072P0005,TMS21F2072P0005,1149,1,,1,,,,,,
21.GS.C6.SN.Student2.IB-plant1150-TMS21F2072P0006,TMS21F2072P0006,1150,1,,1,,,,,,
21.GS.C6.SN.Student2.IB-plant1151-TMS21F2072P0007,TMS21F2072P0007,1151,1,,1,,,,,,
21.GS.C6.SN.Student2.IB-plant1152-TMS21F2072P0008,TMS21F2072P0008,1152,1,,1,,,,,,
21.GS.C6.SN.Student2.IB-plant1153-TMS21F2072P0009,TMS21F2072P0009,1153,1,,1,,,,,,
21.GS.C6.SN.Student2.IB-plant1154-TMS21F2073P0001,TMS21F2073P0001,1154,1,,1,,,,,,
21.GS.C6.SN.Student2.IB-plant1155-TMS21F2073P0002,TMS21F2073P0002,1155,1,,1,,,,,,
21.GS.C6.SN.Student2.IB-plant1156-TMS21F2073P0003,TMS21F2073P0003,1156,1,,1,,,,,,
21.GS.C6.SN.Student2.IB-plant1157-TMS21F2073P0004,TMS21F2073P0004,1157,1,,1,,,,,,
21.GS.C6.SN.Student2.IB-plant1158-TMS21F2073P0005,TMS21F2073P0005,1158,1,,1,,,,,,
21.GS.C6.SN.Student2.IB-plant1159-TMS21F2073P0006,TMS21F2073P0006,1159,1,,1,,,,,,
21.GS.C6.SN.Student2.IB-plant1160-TMS21F2073P0007,TMS21F2073P0007,1160,1,,1,,,,,,
21.GS.C6.SN.Student2.IB-plant1161-TMS21F2073P0008,TMS21F2073P0008,1161,1,,1,,,,,,
21.GS.C6.SN.Student2.IB-plant1162-TMS21F2073P0009,TMS21F2073P0009,1162,1,,1,,,,,,
21.GS.C6.SN.Student2.IB-plant1163-TMS21F2073P0010,TMS21F2073P0010,1163,1,,1,,,,,,
21.GS.C6.SN.Student2.IB-plant1164-TMS21F2074P0001,TMS21F2074P0001,1164,1,,1,,,,,,
21.GS.C6.SN.Student2.IB-plant1165-TMS21F2074P0002,TMS21F2074P0002,1165,1,,1,,,,,,
21.GS.C6.SN.Student2.IB-plant1166-TMS21F2074P0003,TMS21F2074P0003,1166,1,,1,,,,,,
21.GS.C6.SN.Student2.IB-plant1167-TMS21F2074P0004,TMS21F2074P0004,1167,1,,1,,,,,,
21.GS.C6.SN.Student2.IB-plant1168-TMS21F2074P0005,TMS21F2074P0005,1168,1,,1,,,,,,
21.GS.C6.SN.Student2.IB-plant1169-TMS21F2074P0006,TMS21F2074P0006,1169,1,,1,,,,,,
21.GS.C6.SN.Student2.IB-plant1170-TMS21F2074P0007,TMS21F2074P0007,1170,1,,1,,,,,,
21.GS.C6.SN.Student2.IB-plant1171-TMS21F2074P0008,TMS21F2074P0008,1171,1,,1,,,,,,
21.GS.C6.SN.Student2.IB-plant1172-TMS21F2074P0009,TMS21F2074P0009,1172,1,,1,,,,,,
21.GS.C6.SN.Student2.IB-plant1173-TMS21F2074P0010,TMS21F2074P0010,1173,1,,1,,,,,,
21.GS.C6.SN.Student2.IB-plant1174-TMS21F2074P0011,TMS21F2074P0011,1174,1,,1,,,,,,
21.GS.C6.SN.Student2.IB-plant1175-TMS21F2074P0012,TMS21F2074P0012,1175,1,,1,,,,,,
21.GS.C6.SN.Student2.IB-plant1176-TMS21F2074P0013,TMS21F2074P0013,1176,1,,1,,,,,,
21.GS.C6.SN.Student2.IB-plant1177-TMS21F2074P0014,TMS21F2074P0014,1177,1,,1,,,,,,
21.GS.C6.SN.Student2.IB-plant1178-TMS21F2074P0015,TMS21F2074P0015,1178,1,,1,,,,,,
21.GS.C6.SN.Student2.IB-plant1179-TMS21F2074P0016,TMS21F2074P0016,1179,1,,1,,,,,,
21.GS.C6.SN.Student2.IB-plant1180-TMS21F2074P0017,TMS21F2074P0017,1180,1,,1,,,,,,
21.GS.C6.SN.Student2.IB-plant1181-TMS21F2074P0018,TMS21F2074P0018,1181,1,,1,,,,,,
21.GS.C6.SN.Student2.IB-plant1182-TMS21F2074P0019,TMS21F2074P0019,1182,1,,1,,,,,,
21.GS.C6.SN.Student2.IB-plant1183-TMS21F2075P0001,TMS21F2075P0001,1183,1,,1,,,,,,
21.GS.C6.SN.Student2.IB-plant1184-TMS21F2075P0002,TMS21F2075P0002,1184,1,,1,,,,,,
21.GS.C6.SN.Student2.IB-plant1185-TMS21F2076P0001,TMS21F2076P0001,1185,1,,1,,,,,,
21.GS.C6.SN.Student2.IB-plant1186-TMS21F2076P0002,TMS21F2076P0002,1186,1,,1,,,,,,
21.GS.C6.SN.Student2.IB-plant1187-TMS21F2077P0001,TMS21F2077P0001,1187,1,,1,,,,,,
21.GS.C6.SN.Student2.IB-plant1188-TMS21F2077P0002,TMS21F2077P0002,1188,1,,1,,,,,,
21.GS.C6.SN.Student2.IB-plant1189-TMS21F2077P0003,TMS21F2077P0003,1189,1,,1,,,,,,
21.GS.C6.SN.Student2.IB-plant1190-TMS21F2077P0004,TMS21F2077P0004,1190,1,,1,,,,,,
21.GS.C6.SN.Student2.IB-plant1191-TMS21F2078P0001,TMS21F2078P0001,1191,1,,1,,,,,,
21.GS.C6.SN.Student2.IB-plant1192-TMS21F2078P0002,TMS21F2078P0002,1192,1,,1,,,,,,
21.GS.C6.SN.Student2.IB-plant1193-TMS21F2078P0003,TMS21F2078P0003,1193,1,,1,,,,,,
21.GS.C6.SN.Student2.IB-plant1194-TMS21F2078P0004,TMS21F2078P0004,1194,1,,1,,,,,,
21.GS.C6.SN.Student2.IB-plant1195-TMS21F2078P0005,TMS21F2078P0005,1195,1,,1,,,,,,
21.GS.C6.SN.Student2.IB-plant1196-TMS21F2078P0006,TMS21F2078P0006,1196,1,,1,,,,,,
21.GS.C6.SN.Student2.IB-plant1197-TMS21F2079P0001,TMS21F2079P0001,1197,1,,1,,,,,,
21.GS.C6.SN.Student2.IB-plant1198-TMS21F2079P0002,TMS21F2079P0002,1198,1,,1,,,,,,
21.GS.C6.SN.Student2.IB-plant1199-TMS21F2079P0003,TMS21F2079P0003,1199,1,,1,,,,,,
21.GS.C6.SN.Student2.IB-plant1200-TMS21F2079P0004,TMS21F2079P0004,1200,1,,1,,,,,,
21.GS.C6.SN.Student2.IB-plant1201-TMS21F2079P0005,TMS21F2079P0005,1201,1,,1,,,,,,
21.GS.C6.SN.Student2.IB-plant1202-TMS21F2079P0006,TMS21F2079P0006,1202,1,,1,,,,,,
21.GS.C6.SN.Student2.IB-plant1203-TMS21F2079P0007,TMS21F2079P0007,1203,1,,1,,,,,,
21.GS.C6.SN.Student2.IB-plant1204-TMS21F2079P0008,TMS21F2079P0008,1204,1,,1,,,,,,
21.GS.C6.SN.Student2.IB-plant1205-TMS21F2079P0009,TMS21F2079P0009,1205,1,,1,,,,,,
21.GS.C6.SN.Student2.IB-plant1206-TMS21F2079P0010,TMS21F2079P0010,1206,1,,1,,,,,,
21.GS.C6.SN.Student2.IB-plant1207-TMS21F2079P0011,TMS21F2079P0011,1207,1,,1,,,,,,
21.GS.C6.SN.Student2.IB-plant1208-TMS21F2079P0012,TMS21F2079P0012,1208,1,,1,,,,,,
21.GS.C6.SN.Student2.IB-plant1209-TMS21F2079P0013,TMS21F2079P0013,1209,1,,1,,,,,,
21.GS.C6.SN.Student2.IB-plant1210-TMS21F2080P0001,TMS21F2080P0001,1210,1,,1,,,,,,
21.GS.C6.SN.Student2.IB-plant1211-TMS21F2080P0002,TMS21F2080P0002,1211,1,,1,,,,,,
21.GS.C6.SN.Student2.IB-plant1212-TMS21F2080P0003,TMS21F2080P0003,1212,1,,1,,,,,,
21.GS.C6.SN.Student2.IB-plant1213-TMS21F2080P0004,TMS21F2080P0004,1213,1,,1,,,,,,
21.GS.C6.SN.Student2.IB-plant1214-TMS21F2080P0005,TMS21F2080P0005,1214,1,,1,,,,,,
21.GS.C6.SN.Student2.IB-plant1215-TMS21F2081P0001,TMS21F2081P0001,1215,1,,1,,,,,,
21.GS.C6.SN.Student2.IB-plant1216-TMS21F2081P0002,TMS21F2081P0002,1216,1,,1,,,,,,
21.GS.C6.SN.Student2.IB-plant1217-TMS21F2081P0003,TMS21F2081P0003,1217,1,,1,,,,,,
21.GS.C6.SN.Student2.IB-plant1218-TMS21F2081P0004,TMS21F2081P0004,1218,1,,1,,,,,,
21.GS.C6.SN.Student2.IB-plant1219-TMS21F2081P0005,TMS21F2081P0005,1219,1,,1,,,,,,
21.GS.C6.SN.Student2.IB-plant1220-TMS21F2081P0006,TMS21F2081P0006,1220,1,,1,,,,,,
21.GS.C6.SN.Student2.IB-plant1221-TMS21F2081P0007,TMS21F2081P0007,1221,1,,1,,,,,,
21.GS.C6.SN.Student2.IB-plant1222-TMS21F2082P0001,TMS21F2082P0001,1222,1,,1,,,,,,
21.GS.C6.SN.Student2.IB-plant1223-TMS21F2082P0002,TMS21F2082P0002,1223,1,,1,,,,,,
21.GS.C6.SN.Student2.IB-plant1224-TMS21F2082P0003,TMS21F2082P0003,1224,1,,1,,,,,,
21.GS.C6.SN.Student2.IB-plant1225-TMS21F2082P0004,TMS21F2082P0004,1225,1,,1,,,,,,
21.GS.C6.SN.Student2.IB-plant1226-TMS21F2082P0005,TMS21F2082P0005,1226,1,,1,,,,,,
21.GS.C6.SN.Student2.IB-plant1227-TMS21F2082P0006,TMS21F2082P0006,1227,1,,1,,,,,,
21.GS.C6.SN.Student2.IB-plant1228-TMS21F2082P0007,TMS21F2082P0007,1228,1,,1,,,,,,
21.GS.C6.SN.Student2.IB-plant1229-TMS21F2082P0008,TMS21F2082P0008,1229,1,,1,,,,,,
21.GS.C6.SN.Student2.IB-plant1230-TMS21F2082P0009,TMS21F2082P0009,1230,1,,1,,,,,,
21.GS.C6.SN.Student2.IB-plant1231-TMS21F2082P0010,TMS21F2082P0010,1231,1,,1,,,,,,
21.GS.C6.SN.Student2.IB-plant1232-TMS21F2082P0011,TMS21F2082P0011,1232,1,,1,,,,,,
21.GS.C6.SN.Student2.IB-plant1233-TMS21F2083P0001,TMS21F2083P0001,1233,1,,1,,,,,,
21.GS.C6.SN.Student2.IB-plant1234-TMS21F2083P0002,TMS21F2083P0002,1234,1,,1,,,,,,
21.GS.C6.SN.Student2.IB-plant1235-TMS21F2083P0003,TMS21F2083P0003,1235,1,,1,,,,,,
21.GS.C6.SN.Student2.IB-plant1236-TMS21F2083P0004,TMS21F2083P0004,1236,1,,1,,,,,,
21.GS.C6.SN.Student2.IB-plant1237-TMS21F2083P0005,TMS21F2083P0005,1237,1,,1,,,,,,
21.GS.C6.SN.Student2.IB-plant1238-TMS21F2083P0006,TMS21F2083P0006,1238,1,,1,,,,,,
21.GS.C6.SN.Student2.IB-plant1239-TMS21F2083P0007,TMS21F2083P0007,1239,1,,1,,,,,,
21.GS.C6.SN.Student2.IB-plant1240-TMS21F2083P0008,TMS21F2083P0008,1240,1,,1,,,,,,
21.GS.C6.SN.Student2.IB-plant1241-TMS21F2083P0009,TMS21F2083P0009,1241,1,,1,,,,,,
21.GS.C6.SN.Student2.IB-plant1242-TMS21F2083P0010,TMS21F2083P0010,1242,1,,1,,,,,,
21.GS.C6.SN.Student2.IB-plant1243-TMS21F2083P0011,TMS21F2083P0011,1243,1,,1,,,,,,
21.GS.C6.SN.Student2.IB-plant1244-TMS21F2083P0012,TMS21F2083P0012,1244,1,,1,,,,,,
21.GS.C6.SN.Student2.IB-plant1245-TMS21F2083P0013,TMS21F2083P0013,1245,1,,1,,,,,,
21.GS.C6.SN.Student2.IB-plant1246-TMS21F2083P0014,TMS21F2083P0014,1246,1,,1,,,,,,
21.GS.C6.SN.Student2.IB-plant1247-TMS21F2083P0015,TMS21F2083P0015,1247,1,,1,,,,,,
21.GS.C6.SN.Student2.IB-plant1248-TMS21F2083P0016,TMS21F2083P0016,1248,1,,1,,,,,,
21.GS.C6.SN.Student2.IB-plant1249-TMS21F2083P0017,TMS21F2083P0017,1249,1,,1,,,,,,
21.GS.C6.SN.Student2.IB-plant1250-TMS21F2083P0018,TMS21F2083P0018,1250,1,,1,,,,,,
21.GS.C6.SN.Student2.IB-plant1251-TMS21F2083P0019,TMS21F2083P0019,1251,1,,1,,,,,,
21.GS.C6.SN.Student2.IB-plant1252-TMS21F2083P0020,TMS21F2083P0020,1252,1,,1,,,,,,
21.GS.C6.SN.Student2.IB-plant1253-TMS21F2083P0021,TMS21F2083P0021,1253,1,,1,,,,,,
21.GS.C6.SN.Student2.IB-plant1254-TMS21F2083P0022,TMS21F2083P0022,1254,1,,1,,,,,,
21.GS.C6.SN.Student2.IB-plant1255-TMS21F2083P0023,TMS21F2083P0023,1255,1,,1,,,,,,
21.GS.C6.SN.Student2.IB-plant1256-TMS21F2083P0024,TMS21F2083P0024,1256,1,,1,,,,,,
21.GS.C6.SN.Student2.IB-plant1257-TMS21F2083P0025,TMS21F2083P0025,1257,1,,1,,,,,,
21.GS.C6.SN.Student2.IB-plant1258-TMS21F2083P0026,TMS21F2083P0026,1258,1,,1,,,,,,
21.GS.C6.SN.Student2.IB-plant1259-TMS21F2083P0027,TMS21F2083P0027,1259,1,,1,,,,,,
21.GS.C6.SN.Student2.IB-plant1260-TMS21F2083P0028,TMS21F2083P0028,1260,1,,1,,,,,,
21.GS.C6.SN.Student2.IB-plant1261-TMS21F2083P0029,TMS21F2083P0029,1261,1,,1,,,,,,
21.GS.C6.SN.Student2.IB-plant1262-TMS21F2083P0030,TMS21F2083P0030,1262,1,,1,,,,,,
21.GS.C6.SN.Student2.IB-plant1263-TMS21F2083P0031,TMS21F2083P0031,1263,1,,1,,,,,,
21.GS.C6.SN.Student2.IB-plant1264-TMS21F2083P0032,TMS21F2083P0032,1264,1,,1,,,,,,
21.GS.C6.SN.Student2.IB-plant1265-TMS21F2083P0033,TMS21F2083P0033,1265,1,,1,,,,,,
21.GS.C6.SN.Student2.IB-plant1266-TMS21F2083P0034,TMS21F2083P0034,1266,1,,1,,,,,,
21.GS.C6.SN.Student2.IB-plant1267-TMS21F2083P0035,TMS21F2083P0035,1267,1,,1,,,,,,
21.GS.C6.SN.Student2.IB-plant1268-TMS21F2083P0036,TMS21F2083P0036,1268,1,,1,,,,,,
21.GS.C6.SN.Student2.IB-plant1269-TMS21F2083P0037,TMS21F2083P0037,1269,1,,1,,,,,,
21.GS.C6.SN.Student2.IB-plant1270-TMS21F2083P0038,TMS21F2083P0038,1270,1,,1,,,,,,
21.GS.C6.SN.Student2.IB-plant1271-TMS21F2084P0001,TMS21F2084P0001,1271,1,,1,,,,,,
21.GS.C6.SN.Student2.IB-plant1272-TMS21F2084P0002,TMS21F2084P0002,1272,1,,1,,,,,,
21.GS.C6.SN.Student2.IB-plant1273-TMS21F2084P0003,TMS21F2084P0003,1273,1,,1,,,,,,
21.GS.C6.SN.Student2.IB-plant1274-TMS21F2084P0004,TMS21F2084P0004,1274,1,,1,,,,,,
21.GS.C6.SN.Student2.IB-plant1275-TMS21F2084P0005,TMS21F2084P0005,1275,1,,1,,,,,,
21.GS.C6.SN.Student2.IB-plant1276-TMS21F2084P0006,TMS21F2084P0006,1276,1,,1,,,,,,
21.GS.C6.SN.Student2.IB-plant1277-TMS21F2084P0007,TMS21F2084P0007,1277,1,,1,,,,,,
21.GS.C6.SN.Student2.IB-plant1278-TMS21F2084P0008,TMS21F2084P0008,1278,1,,1,,,,,,
21.GS.C6.SN.Student2.IB-plant1279-TMS21F2084P0009,TMS21F2084P0009,1279,1,,1,,,,,,
21.GS.C6.SN.Student2.IB-plant1280-TMS21F2084P0010,TMS21F2084P0010,1280,1,,1,,,,,,
21.GS.C6.SN.Student2.IB-plant1281-TMS21F2084P0011,TMS21F2084P0011,1281,1,,1,,,,,,
21.GS.C6.SN.Student2.IB-plant1282-TMS21F2084P0012,TMS21F2084P0012,1282,1,,1,,,,,,
21.GS.C6.SN.Student2.IB-plant1283-TMS21F2084P0013,TMS21F2084P0013,1283,1,,1,,,,,,
21.GS.C6.SN.Student2.IB-plant1284-TMS21F2084P0014,TMS21F2084P0014,1284,1,,1,,,,,,
21.GS.C6.SN.Student2.IB-plant1285-TMS21F2084P0015,TMS21F2084P0015,1285,1,,1,,,,,,
21.GS.C6.SN.Student2.IB-plant1286-TMS21F2084P0016,TMS21F2084P0016,1286,1,,1,,,,,,
21.GS.C6.SN.Student2.IB-plant1287-TMS21F2084P0017,TMS21F2084P0017,1287,1,,1,,,,,,
21.GS.C6.SN.Student2.IB-plant1288-TMS21F2084P0018,TMS21F2084P0018,1288,1,,1,,,,,,
21.GS.C6.SN.Student2.IB-plant1289-TMS21F2084P0019,TMS21F2084P0019,1289,1,,1,,,,,,
21.GS.C6.SN.Student2.IB-plant1290-TMS21F2084P0020,TMS21F2084P0020,1290,1,,1,,,,,,
21.GS.C6.SN.Student2.IB-plant1291-TMS21F2084P0021,TMS21F2084P0021,1291,1,,1,,,,,,
21.GS.C6.SN.Student2.IB-plant1292-TMS21F2084P0022,TMS21F2084P0022,1292,1,,1,,,,,,
21.GS.C6.SN.Student2.IB-plant1293-TMS21F2084P0023,TMS21F2084P0023,1293,1,,1,,,,,,
21.GS.C6.SN.Student2.IB-plant1294-TMS21F2084P0024,TMS21F2084P0024,1294,1,,1,,,,,,
21.GS.C6.SN.Student2.IB-plant1295-TMS21F2084P0025,TMS21F2084P0025,1295,1,,1,,,,,,
21.GS.C6.SN.Student2.IB-plant1296-TMS21F2084P0026,TMS21F2084P0026,1296,1,,1,,,,,,
21.GS.C6.SN.Student2.IB-plant1297-TMS21F2084P0027,TMS21F2084P0027,1297,1,,1,,,,,,
21.GS.C6.SN.Student2.IB-plant1298-TMS21F2084P0028,TMS21F2084P0028,1298,1,,1,,,,,,
21.GS.C6.SN.Student2.IB-plant1299-TMS21F2084P0029,TMS21F2084P0029,1299,1,,1,,,,,,
21.GS.C6.SN.Student2.IB-plant1300-TMS21F2084P0030,TMS21F2084P0030,1300,1,,1,,,,,,
21.GS.C6.SN.Student2.IB-plant1301-TMS21F2084P0031,TMS21F2084P0031,1301,1,,1,,,,,,
21.GS.C6.SN.Student2.IB-plant1302-TMS21F2084P0032,TMS21F2084P0032,1302,1,,1,,,,,,
21.GS.C6.SN.Student2.IB-plant1303-TMS21F2084P0033,TMS21F2084P0033,1303,1,,1,,,,,,
21.GS.C6.SN.Student2.IB-plant1304-TMS21F2084P0034,TMS21F2084P0034,1304,1,,1,,,,,,
21.GS.C6.SN.Student2.IB-plant1305-TMS21F2084P0035,TMS21F2084P0035,1305,1,,1,,,,,,
21.GS.C6.SN.Student2.IB-plant1306-TMS21F2084P0036,TMS21F2084P0036,1306,1,,1,,,,,,
21.GS.C6.SN.Student2.IB-plant1307-TMS21F2084P0037,TMS21F2084P0037,1307,1,,1,,,,,,
21.GS.C6.SN.Student2.IB-plant1308-TMS21F2084P0038,TMS21F2084P0038,1308,1,,1,,,,,,
21.GS.C6.SN.Student2.IB-plant1309-TMS21F2084P0039,TMS21F2084P0039,1309,1,,1,,,,,,
21.GS.C6.SN.Student2.IB-plant1310-TMS21F2085P0001,TMS21F2085P0001,1310,1,,1,,,,,,
21.GS.C6.SN.Student2.IB-plant1311-TMS21F2085P0002,TMS21F2085P0002,1311,1,,1,,,,,,
21.GS.C6.SN.Student2.IB-plant1312-TMS21F2085P0003,TMS21F2085P0003,1312,1,,1,,,,,,
21.GS.C6.SN.Student2.IB-plant1313-TMS21F2085P0004,TMS21F2085P0004,1313,1,,1,,,,,,
21.GS.C6.SN.Student2.IB-plant1314-TMS21F2085P0005,TMS21F2085P0005,1314,1,,1,,,,,,
21.GS.C6.SN.Student2.IB-plant1315-TMS21F2085P0006,TMS21F2085P0006,1315,1,,1,,,,,,
21.GS.C6.SN.Student2.IB-plant1316-TMS21F2085P0007,TMS21F2085P0007,1316,1,,1,,,,,,
21.GS.C6.SN.Student2.IB-plant1317-TMS21F2085P0008,TMS21F2085P0008,1317,1,,1,,,,,,
21.GS.C6.SN.Student2.IB-plant1318-TMS21F2085P0009,TMS21F2085P0009,1318,1,,1,,,,,,
21.GS.C6.SN.Student2.IB-plant1319-TMS21F2085P0010,TMS21F2085P0010,1319,1,,1,,,,,,
21.GS.C6.SN.Student2.IB-plant1320-TMS21F2085P0011,TMS21F2085P0011,1320,1,,1,,,,,,
21.GS.C6.SN.Student2.IB-plant1321-TMS21F2085P0012,TMS21F2085P0012,1321,1,,1,,,,,,
21.GS.C6.SN.Student2.IB-plant1322-TMS21F2085P0013,TMS21F2085P0013,1322,1,,1,,,,,,
21.GS.C6.SN.Student2.IB-plant1323-TMS21F2085P0014,TMS21F2085P0014,1323,1,,1,,,,,,
21.GS.C6.SN.Student2.IB-plant1324-TMS21F2085P0015,TMS21F2085P0015,1324,1,,1,,,,,,
21.GS.C6.SN.Student2.IB-plant1325-TMS21F2085P0016,TMS21F2085P0016,1325,1,,1,,,,,,
21.GS.C6.SN.Student2.IB-plant1326-TMS21F2085P0017,TMS21F2085P0017,1326,1,,1,,,,,,
21.GS.C6.SN.Student2.IB-plant1327-TMS21F2085P0018,TMS21F2085P0018,1327,1,,1,,,,,,
21.GS.C6.SN.Student2.IB-plant1328-TMS21F2085P0019,TMS21F2085P0019,1328,1,,1,,,,,,
21.GS.C6.SN.Student2.IB-plant1329-TMS21F2085P0020,TMS21F2085P0020,1329,1,,1,,,,,,
21.GS.C6.SN.Student2.IB-plant1330-TMS21F2085P0021,TMS21F2085P0021,1330,1,,1,,,,,,
21.GS.C6.SN.Student2.IB-plant1331-TMS21F2085P0022,TMS21F2085P0022,1331,1,,1,,,,,,
21.GS.C6.SN.Student2.IB-plant1332-TMS21F2085P0023,TMS21F2085P0023,1332,1,,1,,,,,,
21.GS.C6.SN.Student2.IB-plant1333-TMS21F2085P0024,TMS21F2085P0024,1333,1,,1,,,,,,
21.GS.C6.SN.Student2.IB-plant1334-TMS21F2085P0025,TMS21F2085P0025,1334,1,,1,,,,,,
21.GS.C6.SN.Student2.IB-plant1335-TMS21F2085P0026,TMS21F2085P0026,1335,1,,1,,,,,,
21.GS.C6.SN.Student2.IB-plant1336-TMS21F2085P0027,TMS21F2085P0027,1336,1,,1,,,,,,
21.GS.C6.SN.Student2.IB-plant1337-TMS21F2085P0028,TMS21F2085P0028,1337,1,,1,,,,,,
21.GS.C6.SN.Student2.IB-plant1338-TMS21F2085P0029,TMS21F2085P0029,1338,1,,1,,,,,,
21.GS.C6.SN.Student2.IB-plant1339-TMS21F2085P0030,TMS21F2085P0030,1339,1,,1,,,,,,
21.GS.C6.SN.Student2.IB-plant1340-TMS21F2085P0031,TMS21F2085P0031,1340,1,,1,,,,,,
21.GS.C6.SN.Student2.IB-plant1341-TMS21F2085P0032,TMS21F2085P0032,1341,1,,1,,,,,,
21.GS.C6.SN.Student2.IB-plant1342-TMS21F2086P0001,TMS21F2086P0001,1342,1,,1,,,,,,
21.GS.C6.SN.Student2.IB-plant1343-TMS21F2086P0002,TMS21F2086P0002,1343,1,,1,,,,,,
21.GS.C6.SN.Student2.IB-plant1344-TMS21F2086P0003,TMS21F2086P0003,1344,1,,1,,,,,,
21.GS.C6.SN.Student2.IB-plant1345-TMS21F2086P0004,TMS21F2086P0004,1345,1,,1,,,,,,
21.GS.C6.SN.Student2.IB-plant1346-TMS21F2086P0005,TMS21F2086P0005,1346,1,,1,,,,,,
21.GS.C6.SN.Student2.IB-plant1347-TMS21F2086P0006,TMS21F2086P0006,1347,1,,1,,,,,,
21.GS.C6.SN.Student2.IB-plant1348-TMS21F2086P0007,TMS21F2086P0007,1348,1,,1,,,,,,
21.GS.C6.SN.Student2.IB-plant1349-TMS21F2086P0008,TMS21F2086P0008,1349,1,,1,,,,,,
21.GS.C6.SN.Student2.IB-plant1350-TMS21F2086P0009,TMS21F2086P0009,1350,1,,1,,,,,,
21.GS.C6.SN.Student2.IB-plant1351-TMS21F2086P0010,TMS21F2086P0010,1351,1,,1,,,,,,
21.GS.C6.SN.Student2.IB-plant1352-TMS21F2086P0011,TMS21F2086P0011,1352,1,,1,,,,,,
21.GS.C6.SN.Student2.IB-plant1353-TMS21F2086P0012,TMS21F2086P0012,1353,1,,1,,,,,,
21.GS.C6.SN.Student2.IB-plant1354-TMS21F2086P0013,TMS21F2086P0013,1354,1,,1,,,,,,
21.GS.C6.SN.Student2.IB-plant1355-TMS21F2086P0014,TMS21F2086P0014,1355,1,,1,,,,,,
21.GS.C6.SN.Student2.IB-plant1356-TMS21F2086P0015,TMS21F2086P0015,1356,1,,1,,,,,,
21.GS.C6.SN.Student2.IB-plant1357-TMS21F2086P0016,TMS21F2086P0016,1357,1,,1,,,,,,
21.GS.C6.SN.Student2.IB-plant1358-TMS21F2086P0017,TMS21F2086P0017,1358,1,,1,,,,,,
21.GS.C6.SN.Student2.IB-plant1359-TMS21F2086P0018,TMS21F2086P0018,1359,1,,1,,,,,,
21.GS.C6.SN.Student2.IB-plant1360-TMS21F2086P0019,TMS21F2086P0019,1360,1,,1,,,,,,
21.GS.C6.SN.Student2.IB-plant1361-TMS21F2086P0020,TMS21F2086P0020,1361,1,,1,,,,,,
21.GS.C6.SN.Student2.IB-plant1362-TMS21F2086P0021,TMS21F2086P0021,1362,1,,1,,,,,,
21.GS.C6.SN.Student2.IB-plant1363-TMS21F2086P0022,TMS21F2086P0022,1363,1,,1,,,,,,
21.GS.C6.SN.Student2.IB-plant1364-TMS21F2086P0023,TMS21F2086P0023,1364,1,,1,,,,,,
21.GS.C6.SN.Student2.IB-plant1365-TMS21F2086P0024,TMS21F2086P0024,1365,1,,1,,,,,,
21.GS.C6.SN.Student2.IB-plant1366-TMS21F2086P0025,TMS21F2086P0025,1366,1,,1,,,,,,
21.GS.C6.SN.Student2.IB-plant1367-TMS21F2086P0026,TMS21F2086P0026,1367,1,,1,,,,,,
21.GS.C6.SN.Student2.IB-plant1368-TMS21F2086P0027,TMS21F2086P0027,1368,1,,1,,,,,,
21.GS.C6.SN.Student2.IB-plant1369-TMS21F2086P0028,TMS21F2086P0028,1369,1,,1,,,,,,
21.GS.C6.SN.Student2.IB-plant1370-TMS21F2086P0029,TMS21F2086P0029,1370,1,,1,,,,,,
21.GS.C6.SN.Student2.IB-plant1371-TMS21F2086P0030,TMS21F2086P0030,1371,1,,1,,,,,,
21.GS.C6.SN.Student2.IB-plant1372-TMS21F2086P0031,TMS21F2086P0031,1372,1,,1,,,,,,
21.GS.C6.SN.Student2.IB-plant1373-TMS21F2086P0032,TMS21F2086P0032,1373,1,,1,,,,,,
21.GS.C6.SN.Student2.IB-plant1374-TMS21F2087P0001,TMS21F2087P0001,1374,1,,1,,,,,,
21.GS.C6.SN.Student2.IB-plant1375-TMS21F2087P0002,TMS21F2087P0002,1375,1,,1,,,,,,
21.GS.C6.SN.Student2.IB-plant1376-TMS21F2087P0003,TMS21F2087P0003,1376,1,,1,,,,,,
21.GS.C6.SN.Student2.IB-plant1377-TMS21F2087P0004,TMS21F2087P0004,1377,1,,1,,,,,,
21.GS.C6.SN.Student2.IB-plant1378-TMS21F2087P0005,TMS21F2087P0005,1378,1,,1,,,,,,
21.GS.C6.SN.Student2.IB-plant1379-TMS21F2087P0006,TMS21F2087P0006,1379,1,,1,,,,,,
21.GS.C6.SN.Student2.IB-plant1380-TMS21F2087P0007,TMS21F2087P0007,1380,1,,1,,,,,,
21.GS.C6.SN.Student2.IB-plant1381-TMS21F2087P0008,TMS21F2087P0008,1381,1,,1,,,,,,
21.GS.C6.SN.Student2.IB-plant1382-TMS21F2087P0009,TMS21F2087P0009,1382,1,,1,,,,,,
21.GS.C6.SN.Student2.IB-plant1383-TMS21F2087P0010,TMS21F2087P0010,1383,1,,1,,,,,,
21.GS.C6.SN.Student2.IB-plant1384-TMS21F2087P0011,TMS21F2087P0011,1384,1,,1,,,,,,
21.GS.C6.SN.Student2.IB-plant1385-TMS21F2087P0012,TMS21F2087P0012,1385,1,,1,,,,,,
21.GS.C6.SN.Student2.IB-plant1386-TMS21F2087P0013,TMS21F2087P0013,1386,1,,1,,,,,,
21.GS.C6.SN.Student2.IB-plant1387-TMS21F2087P0014,TMS21F2087P0014,1387,1,,1,,,,,,
21.GS.C6.SN.Student2.IB-plant1388-TMS21F2087P0015,TMS21F2087P0015,1388,1,,1,,,,,,
21.GS.C6.SN.Student2.IB-plant1389-TMS21F2087P0016,TMS21F2087P0016,1389,1,,1,,,,,,
21.GS.C6.SN.Student2.IB-plant1390-TMS21F2087P0017,TMS21F2087P0017,1390,1,,1,,,,,,
21.GS.C6.SN.Student2.IB-plant1391-TMS21F2087P0018,TMS21F2087P0018,1391,1,,1,,,,,,
21.GS.C6.SN.Student2.IB-plant1392-TMS21F2087P0019,TMS21F2087P0019,1392,1,,1,,,,,,
21.GS.C6.SN.Student2.IB-plant1393-TMS21F2087P0020,TMS21F2087P0020,1393,1,,1,,,,,,
21.GS.C6.SN.Student2.IB-plant1394-TMS21F2087P0021,TMS21F2087P0021,1394,1,,1,,,,,,
21.GS.C6.SN.Student2.IB-plant1395-TMS21F2087P0022,TMS21F2087P0022,1395,1,,1,,,,,,
21.GS.C6.SN.Student2.IB-plant1396-TMS21F2087P0023,TMS21F2087P0023,1396,1,,1,,,,,,
21.GS.C6.SN.Student2.IB-plant1397-TMS21F2087P0024,TMS21F2087P0024,1397,1,,1,,,,,,
21.GS.C6.SN.Student2.IB-plant1398-TMS21F2087P0025,TMS21F2087P0025,1398,1,,1,,,,,,
21.GS.C6.SN.Student2.IB-plant1399-TMS21F2087P0026,TMS21F2087P0026,1399,1,,1,,,,,,
21.GS.C6.SN.Student2.IB-plant1400-TMS21F2087P0027,TMS21F2087P0027,1400,1,,1,,,,,,
21.GS.C6.SN.Student2.IB-plant1401-TMS21F2087P0028,TMS21F2087P0028,1401,1,,1,,,,,,
21.GS.C6.SN.Student2.IB-plant1402-TMS21F2087P0029,TMS21F2087P0029,1402,1,,1,,,,,,
21.GS.C6.SN.Student2.IB-plant1403-TMS21F2087P0030,TMS21F2087P0030,1403,1,,1,,,,,,
21.GS.C6.SN.Student2.IB-plant1404-TMS21F2087P0031,TMS21F2087P0031,1404,1,,1,,,,,,
21.GS.C6.SN.Student2.IB-plant1405-TMS21F2087P0032,TMS21F2087P0032,1405,1,,1,,,,,,
21.GS.C6.SN.Student2.IB-plant1406-TMS21F2087P0033,TMS21F2087P0033,1406,1,,1,,,,,,
21.GS.C6.SN.Student2.IB-plant1407-TMS21F2087P0034,TMS21F2087P0034,1407,1,,1,,,,,,
21.GS.C6.SN.Student2.IB-plant1408-TMS21F2087P0035,TMS21F2087P0035,1408,1,,1,,,,,,
21.GS.C6.SN.Student2.IB-plant1409-TMS21F2087P0036,TMS21F2087P0036,1409,1,,1,,,,,,
21.GS.C6.SN.Student2.IB-plant1410-TMS21F2087P0037,TMS21F2087P0037,1410,1,,1,,,,,,
21.GS.C6.SN.Student2.IB-plant1411-TMS21F2087P0038,TMS21F2087P0038,1411,1,,1,,,,,,
21.GS.C6.SN.Student2.IB-plant1412-TMS21F2087P0039,TMS21F2087P0039,1412,1,,1,,,,,,
21.GS.C6.SN.Student2.IB-plant1413-TMS21F2088P0001,TMS21F2088P0001,1413,1,,1,,,,,,
21.GS.C6.SN.Student2.IB-plant1414-TMS21F2088P0002,TMS21F2088P0002,1414,1,,1,,,,,,
21.GS.C6.SN.Student2.IB-plant1415-TMS21F2088P0003,TMS21F2088P0003,1415,1,,1,,,,,,
21.GS.C6.SN.Student2.IB-plant1416-TMS21F2088P0004,TMS21F2088P0004,1416,1,,1,,,,,,
21.GS.C6.SN.Student2.IB-plant1417-TMS21F2088P0005,TMS21F2088P0005,1417,1,,1,,,,,,
21.GS.C6.SN.Student2.IB-plant1418-TMS21F2088P0006,TMS21F2088P0006,1418,1,,1,,,,,,
21.GS.C6.SN.Student2.IB-plant1419-TMS21F2088P0007,TMS21F2088P0007,1419,1,,1,,,,,,
21.GS.C6.SN.Student2.IB-plant1420-TMS21F2088P0008,TMS21F2088P0008,1420,1,,1,,,,,,
21.GS.C6.SN.Student2.IB-plant1421-TMS21F2088P0009,TMS21F2088P0009,1421,1,,1,,,,,,
21.GS.C6.SN.Student2.IB-plant1422-TMS21F2088P0010,TMS21F2088P0010,1422,1,,1,,,,,,
21.GS.C6.SN.Student2.IB-plant1423-TMS21F2088P0011,TMS21F2088P0011,1423,1,,1,,,,,,
21.GS.C6.SN.Student2.IB-plant1424-TMS21F2088P0012,TMS21F2088P0012,1424,1,,1,,,,,,
21.GS.C6.SN.Student2.IB-plant1425-TMS21F2088P0013,TMS21F2088P0013,1425,1,,1,,,,,,
21.GS.C6.SN.Student2.IB-plant1426-TMS21F2088P0014,TMS21F2088P0014,1426,1,,1,,,,,,
21.GS.C6.SN.Student2.IB-plant1427-TMS21F2089P0001,TMS21F2089P0001,1427,1,,1,,,,,,
21.GS.C6.SN.Student2.IB-plant1428-TMS21F2090P0001,TMS21F2090P0001,1428,1,,1,,,,,,
21.GS.C6.SN.Student2.IB-plant1429-TMS21F2090P0002,TMS21F2090P0002,1429,1,,1,,,,,,
21.GS.C6.SN.Student2.IB-plant1430-TMS21F2090P0003,TMS21F2090P0003,1430,1,,1,,,,,,
21.GS.C6.SN.Student2.IB-plant1431-TMS21F2090P0004,TMS21F2090P0004,1431,1,,1,,,,,,
21.GS.C6.SN.Student2.IB-plant1432-TMS21F2090P0005,TMS21F2090P0005,1432,1,,1,,,,,,
21.GS.C6.SN.Student2.IB-plant1433-TMS21F2090P0006,TMS21F2090P0006,1433,1,,1,,,,,,
21.GS.C6.SN.Student2.IB-plant1434-TMS21F2090P0007,TMS21F2090P0007,1434,1,,1,,,,,,
21.GS.C6.SN.Student2.IB-plant1435-TMS21F2090P0008,TMS21F2090P0008,1435,1,,1,,,,,,
21.GS.C6.SN.Student2.IB-plant1436-TMS21F2090P0009,TMS21F2090P0009,1436,1,,1,,,,,,
21.GS.C6.SN.Student2.IB-plant1437-TMS21F2090P0010,TMS21F2090P0010,1437,1,,1,,,,,,
21.GS.C6.SN.Student2.IB-plant1438-TMS21F2090P0011,TMS21F2090P0011,1438,1,,1,,,,,,
21.GS.C6.SN.Student2.IB-plant1439-TMS21F2090P0012,TMS21F2090P0012,1439,1,,1,,,,,,
21.GS.C6.SN.Student2.IB-plant1440-TMS21F2090P0013,TMS21F2090P0013,1440,1,,1,,,,,,
21.GS.C6.SN.Student2.IB-plant1441-TMS21F2090P0014,TMS21F2090P0014,1441,1,,1,,,,,,
21.GS.C6.SN.Student2.IB-plant1442-TMS21F2090P0015,TMS21F2090P0015,1442,1,,1,,,,,,
21.GS.C6.SN.Student2.IB-plant1443-TMS21F2090P0016,TMS21F2090P0016,1443,1,,1,,,,,,
21.GS.C6.SN.Student2.IB-plant1444-TMS21F2090P0017,TMS21F2090P0017,1444,1,,1,,,,,,
21.GS.C6.SN.Student2.IB-plant1445-TMS21F2090P0018,TMS21F2090P0018,1445,1,,1,,,,,,
21.GS.C6.SN.Student2.IB-plant1446-TMS21F2090P0019,TMS21F2090P0019,1446,1,,1,,,,,,
21.GS.C6.SN.Student2.IB-plant1447-TMS21F2090P0020,TMS21F2090P0020,1447,1,,1,,,,,,
21.GS.C6.SN.Student2.IB-plant1448-TMS21F2090P0021,TMS21F2090P0021,1448,1,,1,,,,,,
21.GS.C6.SN.Student2.IB-plant1449-TMS21F2090P0022,TMS21F2090P0022,1449,1,,1,,,,,,
21.GS.C6.SN.Student2.IB-plant1450-TMS21F2090P0023,TMS21F2090P0023,1450,1,,1,,,,,,
21.GS.C6.SN.Student2.IB-plant1451-TMS21F2090P0024,TMS21F2090P0024,1451,1,,1,,,,,,
21.GS.C6.SN.Student2.IB-plant1452-TMS21F2090P0025,TMS21F2090P0025,1452,1,,1,,,,,,
21.GS.C6.SN.Student2.IB-plant1453-TMS21F2090P0026,TMS21F2090P0026,1453,1,,1,,,,,,
21.GS.C6.SN.Student2.IB-plant1454-TMS21F2090P0027,TMS21F2090P0027,1454,1,,1,,,,,,
21.GS.C6.SN.Student2.IB-plant1455-TMS21F2090P0028,TMS21F2090P0028,1455,1,,1,,,,,,
21.GS.C6.SN.Student2.IB-plant1456-TMS21F2090P0029,TMS21F2090P0029,1456,1,,1,,,,,,
21.GS.C6.SN.Student2.IB-plant1457-TMS21F2090P0030,TMS21F2090P0030,1457,1,,1,,,,,,
21.GS.C6.SN.Student2.IB-plant1458-TMS21F2090P0031,TMS21F2090P0031,1458,1,,1,,,,,,
21.GS.C6.SN.Student2.IB-plant1459-TMS21F2090P0032,TMS21F2090P0032,1459,1,,1,,,,,,
21.GS.C6.SN.Student2.IB-plant1460-TMS21F2090P0033,TMS21F2090P0033,1460,1,,1,,,,,,
21.GS.C6.SN.Student2.IB-plant1461-TMS21F2090P0034,TMS21F2090P0034,1461,1,,1,,,,,,
21.GS.C6.SN.Student2.IB-plant1462-TMS21F2090P0035,TMS21F2090P0035,1462,1,,1,,,,,,
21.GS.C6.SN.Student2.IB-plant1463-TMS21F2091P0001,TMS21F2091P0001,1463,1,,1,,,,,,
21.GS.C6.SN.Student2.IB-plant1464-TMS21F2091P0002,TMS21F2091P0002,1464,1,,1,,,,,,
21.GS.C6.SN.Student2.IB-plant1465-TMS21F2091P0003,TMS21F2091P0003,1465,1,,1,,,,,,
21.GS.C6.SN.Student2.IB-plant1466-TMS21F2091P0004,TMS21F2091P0004,1466,1,,1,,,,,,
21.GS.C6.SN.Student2.IB-plant1467-TMS21F2091P0005,TMS21F2091P0005,1467,1,,1,,,,,,
21.GS.C6.SN.Student2.IB-plant1468-TMS21F2091P0006,TMS21F2091P0006,1468,1,,1,,,,,,
21.GS.C6.SN.Student2.IB-plant1469-TMS21F2091P0007,TMS21F2091P0007,1469,1,,1,,,,,,
21.GS.C6.SN.Student2.IB-plant1470-TMS21F2091P0008,TMS21F2091P0008,1470,1,,1,,,,,,
21.GS.C6.SN.Student2.IB-plant1471-TMS21F2091P0009,TMS21F2091P0009,1471,1,,1,,,,,,
21.GS.C6.SN.Student2.IB-plant1472-TMS21F2091P0010,TMS21F2091P0010,1472,1,,1,,,,,,
21.GS.C6.SN.Student2.IB-plant1473-TMS21F2091P0011,TMS21F2091P0011,1473,1,,1,,,,,,
21.GS.C6.SN.Student2.IB-plant1474-TMS21F2091P0012,TMS21F2091P0012,1474,1,,1,,,,,,
21.GS.C6.SN.Student2.IB-plant1475-TMS21F2091P0013,TMS21F2091P0013,1475,1,,1,,,,,,
21.GS.C6.SN.Student2.IB-plant1476-TMS21F2091P0014,TMS21F2091P0014,1476,1,,1,,,,,,
21.GS.C6.SN.Student2.IB-plant1477-TMS21F2092P0001,TMS21F2092P0001,1477,1,,1,,,,,,
21.GS.C6.SN.Student2.IB-plant1478-TMS21F2092P0002,TMS21F2092P0002,1478,1,,1,,,,,,
21.GS.C6.SN.Student2.IB-plant1479-TMS21F2092P0003,TMS21F2092P0003,1479,1,,1,,,,,,
21.GS.C6.SN.Student2.IB-plant1480-TMS21F2092P0004,TMS21F2092P0004,1480,1,,1,,,,,,
21.GS.C6.SN.Student2.IB-plant1481-TMS21F2092P0005,TMS21F2092P0005,1481,1,,1,,,,,,
21.GS.C6.SN.Student2.IB-plant1482-TMS21F2092P0006,TMS21F2092P0006,1482,1,,1,,,,,,
21.GS.C6.SN.Student2.IB-plant1483-TMS21F2092P0007,TMS21F2092P0007,1483,1,,1,,,,,,
21.GS.C6.SN.Student2.IB-plant1484-TMS21F2092P0008,TMS21F2092P0008,1484,1,,1,,,,,,
21.GS.C6.SN.Student2.IB-plant1485-TMS21F2092P0009,TMS21F2092P0009,1485,1,,1,,,,,,
21.GS.C6.SN.Student2.IB-plant1486-TMS21F2092P0010,TMS21F2092P0010,1486,1,,1,,,,,,
21.GS.C6.SN.Student2.IB-plant1487-TMS21F2092P0011,TMS21F2092P0011,1487,1,,1,,,,,,
21.GS.C6.SN.Student2.IB-plant1488-TMS21F2092P0012,TMS21F2092P0012,1488,1,,1,,,,,,
21.GS.C6.SN.Student2.IB-plant1489-TMS21F2092P0013,TMS21F2092P0013,1489,1,,1,,,,,,
21.GS.C6.SN.Student2.IB-plant1490-TMS21F2092P0014,TMS21F2092P0014,1490,1,,1,,,,,,
21.GS.C6.SN.Student2.IB-plant1491-TMS21F2092P0015,TMS21F2092P0015,1491,1,,1,,,,,,
21.GS.C6.SN.Student2.IB-plant1492-TMS21F2092P0016,TMS21F2092P0016,1492,1,,1,,,,,,
21.GS.C6.SN.Student2.IB-plant1493-TMS21F2092P0017,TMS21F2092P0017,1493,1,,1,,,,,,
21.GS.C6.SN.Student2.IB-plant1494-TMS21F2092P0018,TMS21F2092P0018,1494,1,,1,,,,,,
21.GS.C6.SN.Student2.IB-plant1495-TMS21F2092P0019,TMS21F2092P0019,1495,1,,1,,,,,,
21.GS.C6.SN.Student2.IB-plant1496-TMS21F2092P0020,TMS21F2092P0020,1496,1,,1,,,,,,
21.GS.C6.SN.Student2.IB-plant1497-TMS21F2093P0001,TMS21F2093P0001,1497,1,,1,,,,,,
21.GS.C6.SN.Student2.IB-plant1498-TMS21F2093P0002,TMS21F2093P0002,1498,1,,1,,,,,,
21.GS.C6.SN.Student2.IB-plant1499-TMS21F2093P0003,TMS21F2093P0003,1499,1,,1,,,,,,
21.GS.C6.SN.Student2.IB-plant1500-TMS21F2093P0004,TMS21F2093P0004,1500,1,,1,,,,,,
21.GS.C6.SN.Student2.IB-plant1501-TMS21F2093P0005,TMS21F2093P0005,1501,1,,1,,,,,,
21.GS.C6.SN.Student2.IB-plant1502-TMS21F2093P0006,TMS21F2093P0006,1502,1,,1,,,,,,
21.GS.C6.SN.Student2.IB-plant1503-TMS21F2093P0007,TMS21F2093P0007,1503,1,,1,,,,,,
21.GS.C6.SN.Student2.IB-plant1504-TMS21F2093P0008,TMS21F2093P0008,1504,1,,1,,,,,,
21.GS.C6.SN.Student2.IB-plant1505-TMS21F2093P0009,TMS21F2093P0009,1505,1,,1,,,,,,
21.GS.C6.SN.Student2.IB-plant1506-TMS21F2093P0010,TMS21F2093P0010,1506,1,,1,,,,,,
21.GS.C6.SN.Student2.IB-plant1507-TMS21F2093P0011,TMS21F2093P0011,1507,1,,1,,,,,,
21.GS.C6.SN.Student2.IB-plant1508-TMS21F2093P0012,TMS21F2093P0012,1508,1,,1,,,,,,
21.GS.C6.SN.Student2.IB-plant1509-TMS21F2093P0013,TMS21F2093P0013,1509,1,,1,,,,,,
21.GS.C6.SN.Student2.IB-plant1510-TMS21F2093P0014,TMS21F2093P0014,1510,1,,1,,,,,,
21.GS.C6.SN.Student2.IB-plant1511-TMS21F2094P0001,TMS21F2094P0001,1511,1,,1,,,,,,
21.GS.C6.SN.Student2.IB-plant1512-TMS21F2094P0002,TMS21F2094P0002,1512,1,,1,,,,,,
21.GS.C6.SN.Student2.IB-plant1513-TMS21F2094P0003,TMS21F2094P0003,1513,1,,1,,,,,,
21.GS.C6.SN.Student2.IB-plant1514-TMS21F2094P0004,TMS21F2094P0004,1514,1,,1,,,,,,
21.GS.C6.SN.Student2.IB-plant1515-TMS21F2095P0001,TMS21F2095P0001,1515,1,,1,,,,,,
21.GS.C6.SN.Student2.IB-plant1516-TMS21F2095P0002,TMS21F2095P0002,1516,1,,1,,,,,,
21.GS.C6.SN.Student2.IB-plant1517-TMS21F2095P0003,TMS21F2095P0003,1517,1,,1,,,,,,
21.GS.C6.SN.Student2.IB-plant1518-TMS21F2095P0004,TMS21F2095P0004,1518,1,,1,,,,,,
21.GS.C6.SN.Student2.IB-plant1519-TMS21F2095P0005,TMS21F2095P0005,1519,1,,1,,,,,,
21.GS.C6.SN.Student2.IB-plant1520-TMS21F2095P0006,TMS21F2095P0006,1520,1,,1,,,,,,
21.GS.C6.SN.Student2.IB-plant1521-TMS21F2096P0001,TMS21F2096P0001,1521,1,,1,,,,,,
21.GS.C6.SN.Student2.IB-plant1522-TMS21F2097P0001,TMS21F2097P0001,1522,1,,1,,,,,,
21.GS.C6.SN.Student2.IB-plant1523-TMS21F2097P0002,TMS21F2097P0002,1523,1,,1,,,,,,
21.GS.C6.SN.Student2.IB-plant1524-TMS21F2097P0003,TMS21F2097P0003,1524,1,,1,,,,,,
21.GS.C6.SN.Student2.IB-plant1525-TMS21F2097P0004,TMS21F2097P0004,1525,1,,1,,,,,,
21.GS.C6.SN.Student2.IB-plant1526-TMS21F2097P0005,TMS21F2097P0005,1526,1,,1,,,,,,
21.GS.C6.SN.Student2.IB-plant1527-TMS21F2097P0006,TMS21F2097P0006,1527,1,,1,,,,,,
21.GS.C6.SN.Student2.IB-plant1528-TMS21F2097P0007,TMS21F2097P0007,1528,1,,1,,,,,,
21.GS.C6.SN.Student2.IB-plant1529-TMS21F2097P0008,TMS21F2097P0008,1529,1,,1,,,,,,
21.GS.C6.SN.Student2.IB-plant1530-TMS21F2097P0009,TMS21F2097P0009,1530,1,,1,,,,,,
21.GS.C6.SN.Student2.IB-plant1531-TMS21F2097P0010,TMS21F2097P0010,1531,1,,1,,,,,,
21.GS.C6.SN.Student2.IB-plant1532-TMS21F2097P0011,TMS21F2097P0011,1532,1,,1,,,,,,
21.GS.C6.SN.Student2.IB-plant1533-TMS21F2097P0012,TMS21F2097P0012,1533,1,,1,,,,,,
21.GS.C6.SN.Student2.IB-plant1534-TMS21F2097P0013,TMS21F2097P0013,1534,1,,1,,,,,,
21.GS.C6.SN.Student2.IB-plant1535-TMS21F2097P0014,TMS21F2097P0014,1535,1,,1,,,,,,
21.GS.C6.SN.Student2.IB-plant1536-TMS21F2097P0015,TMS21F2097P0015,1536,1,,1,,,,,,
21.GS.C6.SN.Student2.IB-plant1537-TMS21F2097P0016,TMS21F2097P0016,1537,1,,1,,,,,,
21.GS.C6.SN.Student2.IB-plant1538-TMS21F2098P0001,TMS21F2098P0001,1538,1,,1,,,,,,
21.GS.C6.SN.Student2.IB-plant1539-TMS21F2098P0002,TMS21F2098P0002,1539,1,,1,,,,,,
21.GS.C6.SN.Student2.IB-plant1540-TMS21F2098P0003,TMS21F2098P0003,1540,1,,1,,,,,,
21.GS.C6.SN.Student2.IB-plant1541-TMS21F2098P0004,TMS21F2098P0004,1541,1,,1,,,,,,
21.GS.C6.SN.Student2.IB-plant1542-TMS21F2098P0005,TMS21F2098P0005,1542,1,,1,,,,,,
21.GS.C6.SN.Student2.IB-plant1543-TMS21F2098P0006,TMS21F2098P0006,1543,1,,1,,,,,,
21.GS.C6.SN.Student2.IB-plant1544-TMS21F2098P0007,TMS21F2098P0007,1544,1,,1,,,,,,
21.GS.C6.SN.Student2.IB-plant1545-TMS21F2098P0008,TMS21F2098P0008,1545,1,,1,,,,,,
21.GS.C6.SN.Student2.IB-plant1546-TMS21F2098P0009,TMS21F2098P0009,1546,1,,1,,,,,,
21.GS.C6.SN.Student2.IB-plant1547-TMS21F2100P0001,TMS21F2100P0001,1547,1,,1,,,,,,
21.GS.C6.SN.Student2.IB-plant1548-TMS21F2100P0002,TMS21F2100P0002,1548,1,,1,,,,,,
21.GS.C6.SN.Student2.IB-plant1549-TMS21F2100P0003,TMS21F2100P0003,1549,1,,1,,,,,,
21.GS.C6.SN.Student2.IB-plant1550-TMS21F2100P0004,TMS21F2100P0004,1550,1,,1,,,,,,
21.GS.C6.SN.Student2.IB-plant1551-TMS21F2101P0001,TMS21F2101P0001,1551,1,,1,,,,,,
21.GS.C6.SN.Student2.IB-plant1552-TMS21F2101P0002,TMS21F2101P0002,1552,1,,1,,,,,,
21.GS.C6.SN.Student2.IB-plant1553-TMS21F2102P0001,TMS21F2102P0001,1553,1,,1,,,,,,
21.GS.C6.SN.Student2.IB-plant1554-TMS21F2102P0002,TMS21F2102P0002,1554,1,,1,,,,,,
21.GS.C6.SN.Student2.IB-plant1555-TMS21F2102P0003,TMS21F2102P0003,1555,1,,1,,,,,,
21.GS.C6.SN.Student2.IB-plant1556-TMS21F2102P0004,TMS21F2102P0004,1556,1,,1,,,,,,
21.GS.C6.SN.Student2.IB-plant1557-TMS21F2102P0005,TMS21F2102P0005,1557,1,,1,,,,,,
21.GS.C6.SN.Student2.IB-plant1558-TMS21F2102P0006,TMS21F2102P0006,1558,1,,1,,,,,,
21.GS.C6.SN.Student2.IB-plant1559-TMS21F2102P0007,TMS21F2102P0007,1559,1,,1,,,,,,
21.GS.C6.SN.Student2.IB-plant1560-TMS21F2102P0008,TMS21F2102P0008,1560,1,,1,,,,,,
21.GS.C6.SN.Student2.IB-plant1561-TMS21F2102P0009,TMS21F2102P0009,1561,1,,1,,,,,,
21.GS.C6.SN.Student2.IB-plant1562-TMS21F2102P0010,TMS21F2102P0010,1562,1,,1,,,,,,
21.GS.C6.SN.Student2.IB-plant1563-TMS21F2102P0011,TMS21F2102P0011,1563,1,,1,,,,,,
21.GS.C6.SN.Student2.IB-plant1564-TMS21F2102P0012,TMS21F2102P0012,1564,1,,1,,,,,,
21.GS.C6.SN.Student2.IB-plant1565-TMS21F2102P0013,TMS21F2102P0013,1565,1,,1,,,,,,
21.GS.C6.SN.Student2.IB-plant1566-TMS21F2102P0014,TMS21F2102P0014,1566,1,,1,,,,,,
21.GS.C6.SN.Student2.IB-plant1567-TMS21F2102P0015,TMS21F2102P0015,1567,1,,1,,,,,,
21.GS.C6.SN.Student2.IB-plant1568-TMS21F2102P0016,TMS21F2102P0016,1568,1,,1,,,,,,
21.GS.C6.SN.Student2.IB-plant1569-TMS21F2102P0017,TMS21F2102P0017,1569,1,,1,,,,,,
21.GS.C6.SN.Student2.IB-plant1570-TMS21F2102P0018,TMS21F2102P0018,1570,1,,1,,,,,,
21.GS.C6.SN.Student2.IB-plant1571-TMS21F2102P0019,TMS21F2102P0019,1571,1,,1,,,,,,
21.GS.C6.SN.Student2.IB-plant1572-TMS21F2102P0020,TMS21F2102P0020,1572,1,,1,,,,,,
21.GS.C6.SN.Student2.IB-plant1573-TMS21F2102P0021,TMS21F2102P0021,1573,1,,1,,,,,,
21.GS.C6.SN.Student2.IB-plant1574-TMS21F2103P0001,TMS21F2103P0001,1574,1,,1,,,,,,
21.GS.C6.SN.Student2.IB-plant1575-TMS21F2103P0002,TMS21F2103P0002,1575,1,,1,,,,,,
21.GS.C6.SN.Student2.IB-plant1576-TMS21F2103P0003,TMS21F2103P0003,1576,1,,1,,,,,,
21.GS.C6.SN.Student2.IB-plant1577-TMS21F2104P0001,TMS21F2104P0001,1577,1,,1,,,,,,
21.GS.C6.SN.Student2.IB-plant1578-TMS21F2104P0002,TMS21F2104P0002,1578,1,,1,,,,,,
21.GS.C6.SN.Student2.IB-plant1579-TMS21F2104P0003,TMS21F2104P0003,1579,1,,1,,,,,,
21.GS.C6.SN.Student2.IB-plant1580-TMS21F2105P0001,TMS21F2105P0001,1580,1,,1,,,,,,
21.GS.C6.SN.Student2.IB-plant1581-TMS21F2105P0002,TMS21F2105P0002,1581,1,,1,,,,,,
21.GS.C6.SN.Student2.IB-plant1582-TMS21F2106P0001,TMS21F2106P0001,1582,1,,1,,,,,,
21.GS.C6.SN.Student2.IB-plant1583-TMS21F2106P0002,TMS21F2106P0002,1583,1,,1,,,,,,
21.GS.C6.SN.Student2.IB-plant1584-TMS21F2106P0003,TMS21F2106P0003,1584,1,,1,,,,,,
21.GS.C6.SN.Student2.IB-plant1585-TMS21F2107P0001,TMS21F2107P0001,1585,1,,1,,,,,,
21.GS.C6.SN.Student2.IB-plant1586-TMS21F2107P0002,TMS21F2107P0002,1586,1,,1,,,,,,
21.GS.C6.SN.Student2.IB-plant1587-TMS21F2107P0003,TMS21F2107P0003,1587,1,,1,,,,,,
21.GS.C6.SN.Student2.IB-plant1588-TMS21F2107P0004,TMS21F2107P0004,1588,1,,1,,,,,,
21.GS.C6.SN.Student2.IB-plant1589-TMS21F2107P0005,TMS21F2107P0005,1589,1,,1,,,,,,
21.GS.C6.SN.Student2.IB-plant1590-TMS21F2107P0006,TMS21F2107P0006,1590,1,,1,,,,,,
21.GS.C6.SN.Student2.IB-plant1591-TMS21F2107P0007,TMS21F2107P0007,1591,1,,1,,,,,,
21.GS.C6.SN.Student2.IB-plant1592-TMS21F2107P0008,TMS21F2107P0008,1592,1,,1,,,,,,
21.GS.C6.SN.Student2.IB-plant1593-TMS21F2107P0009,TMS21F2107P0009,1593,1,,1,,,,,,
21.GS.C6.SN.Student2.IB-plant1594-TMS21F2107P0010,TMS21F2107P0010,1594,1,,1,,,,,,
21.GS.C6.SN.Student2.IB-plant1595-TMS21F2107P0011,TMS21F2107P0011,1595,1,,1,,,,,,
21.GS.C6.SN.Student2.IB-plant1596-TMS21F2107P0012,TMS21F2107P0012,1596,1,,1,,,,,,
21.GS.C6.SN.Student2.IB-plant1597-TMS21F2107P0013,TMS21F2107P0013,1597,1,,1,,,,,,
21.GS.C6.SN.Student2.IB-plant1598-TMS21F2107P0014,TMS21F2107P0014,1598,1,,1,,,,,,
21.GS.C6.SN.Student2.IB-plant1599-TMS21F2107P0015,TMS21F2107P0015,1599,1,,1,,,,,,
21.GS.C6.SN.Student2.IB-plant1600-TMS21F2107P0016,TMS21F2107P0016,1600,1,,1,,,,,,
21.GS.C6.SN.Student2.IB-plant1601-TMS21F2107P0017,TMS21F2107P0017,1601,1,,1,,,,,,
21.GS.C6.SN.Student2.IB-plant1602-TMS21F2107P0018,TMS21F2107P0018,1602,1,,1,,,,,,
21.GS.C6.SN.Student2.IB-plant1603-TMS21F2107P0019,TMS21F2107P0019,1603,1,,1,,,,,,
21.GS.C6.SN.Student2.IB-plant1604-TMS21F2107P0020,TMS21F2107P0020,1604,1,,1,,,,,,
21.GS.C6.SN.Student2.IB-plant1605-TMS21F2107P0021,TMS21F2107P0021,1605,1,,1,,,,,,
21.GS.C6.SN.Student2.IB-plant1606-TMS21F2107P0022,TMS21F2107P0022,1606,1,,1,,,,,,
21.GS.C6.SN.Student2.IB-plant1607-TMS21F2107P0023,TMS21F2107P0023,1607,1,,1,,,,,,
21.GS.C6.SN.Student2.IB-plant1608-TMS21F2107P0024,TMS21F2107P0024,1608,1,,1,,,,,,
21.GS.C6.SN.Student2.IB-plant1609-TMS21F2107P0025,TMS21F2107P0025,1609,1,,1,,,,,,
21.GS.C6.SN.Student2.IB-plant1610-TMS21F2107P0026,TMS21F2107P0026,1610,1,,1,,,,,,
21.GS.C6.SN.Student2.IB-plant1611-TMS21F2107P0027,TMS21F2107P0027,1611,1,,1,,,,,,
21.GS.C6.SN.Student2.IB-plant1612-TMS21F2107P0028,TMS21F2107P0028,1612,1,,1,,,,,,
21.GS.C6.SN.Student2.IB-plant1613-TMS21F2107P0029,TMS21F2107P0029,1613,1,,1,,,,,,
21.GS.C6.SN.Student2.IB-plant1614-TMS21F2107P0030,TMS21F2107P0030,1614,1,,1,,,,,,
21.GS.C6.SN.Student2.IB-plant1615-TMS21F2107P0031,TMS21F2107P0031,1615,1,,1,,,,,,
21.GS.C6.SN.Student2.IB-plant1616-TMS21F2107P0032,TMS21F2107P0032,1616,1,,1,,,,,,
21.GS.C6.SN.Student2.IB-plant1617-TMS21F2107P0033,TMS21F2107P0033,1617,1,,1,,,,,,
21.GS.C6.SN.Student2.IB-plant1618-TMS21F2107P0034,TMS21F2107P0034,1618,1,,1,,,,,,
21.GS.C6.SN.Student2.IB-plant1619-TMS21F2107P0035,TMS21F2107P0035,1619,1,,1,,,,,,
21.GS.C6.SN.Student2.IB-plant1620-TMS21F2108P0001,TMS21F2108P0001,1620,1,,1,,,,,,
21.GS.C6.SN.Student2.IB-plant1621-TMS21F2108P0002,TMS21F2108P0002,1621,1,,1,,,,,,
21.GS.C6.SN.Student2.IB-plant1622-TMS21F2108P0003,TMS21F2108P0003,1622,1,,1,,,,,,
21.GS.C6.SN.Student2.IB-plant1623-TMS21F2108P0004,TMS21F2108P0004,1623,1,,1,,,,,,
21.GS.C6.SN.Student2.IB-plant1624-TMS21F2108P0005,TMS21F2108P0005,1624,1,,1,,,,,,
21.GS.C6.SN.Student2.IB-plant1625-TMS21F2108P0006,TMS21F2108P0006,1625,1,,1,,,,,,
21.GS.C6.SN.Student2.IB-plant1626-TMS21F2108P0007,TMS21F2108P0007,1626,1,,1,,,,,,
21.GS.C6.SN.Student2.IB-plant1627-TMS21F2108P0008,TMS21F2108P0008,1627,1,,1,,,,,,
21.GS.C6.SN.Student2.IB-plant1628-TMS21F2108P0009,TMS21F2108P0009,1628,1,,1,,,,,,
21.GS.C6.SN.Student2.IB-plant1629-TMS21F2108P0010,TMS21F2108P0010,1629,1,,1,,,,,,
21.GS.C6.SN.Student2.IB-plant1630-TMS21F2108P0011,TMS21F2108P0011,1630,1,,1,,,,,,
21.GS.C6.SN.Student2.IB-plant1631-TMS21F2108P0012,TMS21F2108P0012,1631,1,,1,,,,,,
21.GS.C6.SN.Student2.IB-plant1632-TMS21F2109P0001,TMS21F2109P0001,1632,1,,1,,,,,,
21.GS.C6.SN.Student2.IB-plant1633-TMS21F2109P0002,TMS21F2109P0002,1633,1,,1,,,,,,
21.GS.C6.SN.Student2.IB-plant1634-TMS21F2109P0003,TMS21F2109P0003,1634,1,,1,,,,,,
21.GS.C6.SN.Student2.IB-plant1635-TMS21F2109P0004,TMS21F2109P0004,1635,1,,1,,,,,,
21.GS.C6.SN.Student2.IB-plant1636-TMS21F2109P0005,TMS21F2109P0005,1636,1,,1,,,,,,
21.GS.C6.SN.Student2.IB-plant1637-TMS21F2109P0006,TMS21F2109P0006,1637,1,,1,,,,,,
21.GS.C6.SN.Student2.IB-plant1638-TMS21F2109P0007,TMS21F2109P0007,1638,1,,1,,,,,,
21.GS.C6.SN.Student2.IB-plant1639-TMS21F2109P0008,TMS21F2109P0008,1639,1,,1,,,,,,
21.GS.C6.SN.Student2.IB-plant1640-TMS21F2110P0001,TMS21F2110P0001,1640,1,,1,,,,,,
21.GS.C6.SN.Student2.IB-plant1641-TMS21F2110P0002,TMS21F2110P0002,1641,1,,1,,,,,,
21.GS.C6.SN.Student2.IB-plant1642-TMS21F2110P0003,TMS21F2110P0003,1642,1,,1,,,,,,
21.GS.C6.SN.Student2.IB-plant1643-TMS21F2110P0004,TMS21F2110P0004,1643,1,,1,,,,,,
21.GS.C6.SN.Student2.IB-plant1644-TMS21F2110P0005,TMS21F2110P0005,1644,1,,1,,,,,,
21.GS.C6.SN.Student2.IB-plant1645-TMS21F2110P0006,TMS21F2110P0006,1645,1,,1,,,,,,
21.GS.C6.SN.Student2.IB-plant1646-TMS21F2111P0001,TMS21F2111P0001,1646,1,,1,,,,,,
21.GS.C6.SN.Student2.IB-plant1647-TMS21F2111P0002,TMS21F2111P0002,1647,1,,1,,,,,,
21.GS.C6.SN.Student2.IB-plant1648-TMS21F2111P0003,TMS21F2111P0003,1648,1,,1,,,,,,
21.GS.C6.SN.Student2.IB-plant1649-TMS21F2112P0001,TMS21F2112P0001,1649,1,,1,,,,,,
21.GS.C6.SN.Student2.IB-plant1650-TMS21F2112P0002,TMS21F2112P0002,1650,1,,1,,,,,,
21.GS.C6.SN.Student2.IB-plant1651-TMS21F2112P0003,TMS21F2112P0003,1651,1,,1,,,,,,
21.GS.C6.SN.Student2.IB-plant1652-TMS21F2112P0004,TMS21F2112P0004,1652,1,,1,,,,,,
21.GS.C6.SN.Student2.IB-plant1653-TMS21F2112P0005,TMS21F2112P0005,1653,1,,1,,,,,,
21.GS.C6.SN.Student2.IB-plant1654-TMS21F2112P0006,TMS21F2112P0006,1654,1,,1,,,,,,
21.GS.C6.SN.Student2.IB-plant1655-TMS21F2112P0007,TMS21F2112P0007,1655,1,,1,,,,,,
21.GS.C6.SN.Student2.IB-plant1656-TMS21F2112P0008,TMS21F2112P0008,1656,1,,1,,,,,,
21.GS.C6.SN.Student2.IB-plant1657-TMS21F2112P0009,TMS21F2112P0009,1657,1,,1,,,,,,
21.GS.C6.SN.Student2.IB-plant1658-TMS21F2112P0010,TMS21F2112P0010,1658,1,,1,,,,,,
21.GS.C6.SN.Student2.IB-plant1659-TMS21F2112P0011,TMS21F2112P0011,1659,1,,1,,,,,,
21.GS.C6.SN.Student2.IB-plant1660-TMS21F2112P0012,TMS21F2112P0012,1660,1,,1,,,,,,
21.GS.C6.SN.Student2.IB-plant1661-TMS21F2112P0013,TMS21F2112P0013,1661,1,,1,,,,,,
21.GS.C6.SN.Student2.IB-plant1662-TMS21F2112P0014,TMS21F2112P0014,1662,1,,1,,,,,,
21.GS.C6.SN.Student2.IB-plant1663-TMS21F2112P0015,TMS21F2112P0015,1663,1,,1,,,,,,
21.GS.C6.SN.Student2.IB-plant1664-TMS21F2112P0016,TMS21F2112P0016,1664,1,,1,,,,,,
21.GS.C6.SN.Student2.IB-plant1665-TMS21F2113P0001,TMS21F2113P0001,1665,1,,1,,,,,,
21.GS.C6.SN.Student2.IB-plant1666-TMS21F2114P0001,TMS21F2114P0001,1666,1,,1,,,,,,
21.GS.C6.SN.Student2.IB-plant1667-TMS21F2114P0002,TMS21F2114P0002,1667,1,,1,,,,,,
21.GS.C6.SN.Student2.IB-plant1668-TMS21F2114P0003,TMS21F2114P0003,1668,1,,1,,,,,,
21.GS.C6.SN.Student2.IB-plant1669-TMS21F2114P0004,TMS21F2114P0004,1669,1,,1,,,,,,
21.GS.C6.SN.Student2.IB-plant1670-TMS21F2114P0005,TMS21F2114P0005,1670,1,,1,,,,,,
21.GS.C6.SN.Student2.IB-plant1671-TMS21F2115P0001,TMS21F2115P0001,1671,1,,1,,,,,,
21.GS.C6.SN.Student2.IB-plant1672-TMS21F2116P0001,TMS21F2116P0001,1672,1,,1,,,,,,
21.GS.C6.SN.Student2.IB-plant1673-TMS21F2117P0001,TMS21F2117P0001,1673,1,,1,,,,,,
21.GS.C6.SN.Student2.IB-plant1674-TMS21F2117P0002,TMS21F2117P0002,1674,1,,1,,,,,,
21.GS.C6.SN.Student2.IB-plant1675-TMS21F2118P0001,TMS21F2118P0001,1675,1,,1,,,,,,
21.GS.C6.SN.Student2.IB-plant1676-TMS21F2119P0001,TMS21F2119P0001,1676,1,,1,,,,,,
21.GS.C6.SN.Student2.IB-plant1677-TMS21F2119P0002,TMS21F2119P0002,1677,1,,1,,,,,,
21.GS.C6.SN.Student2.IB-plant1678-TMS21F2119P0003,TMS21F2119P0003,1678,1,,1,,,,,,
21.GS.C6.SN.Student2.IB-plant1679-TMS21F2119P0004,TMS21F2119P0004,1679,1,,1,,,,,,
21.GS.C6.SN.Student2.IB-plant1680-TMS21F2119P0005,TMS21F2119P0005,1680,1,,1,,,,,,
21.GS.C6.SN.Student2.IB-plant1681-TMS21F2119P0006,TMS21F2119P0006,1681,1,,1,,,,,,
21.GS.C6.SN.Student2.IB-plant1682-TMS21F2119P0007,TMS21F2119P0007,1682,1,,1,,,,,,
21.GS.C6.SN.Student2.IB-plant1683-TMS21F2119P0008,TMS21F2119P0008,1683,1,,1,,,,,,
21.GS.C6.SN.Student2.IB-plant1684-TMS21F2119P0009,TMS21F2119P0009,1684,1,,1,,,,,,
21.GS.C6.SN.Student2.IB-plant1685-TMS21F2119P0010,TMS21F2119P0010,1685,1,,1,,,,,,
21.GS.C6.SN.Student2.IB-plant1686-TMS21F2119P0011,TMS21F2119P0011,1686,1,,1,,,,,,
21.GS.C6.SN.Student2.IB-plant1687-TMS21F2120P0001,TMS21F2120P0001,1687,1,,1,,,,,,
21.GS.C6.SN.Student2.IB-plant1688-TMS21F2120P0002,TMS21F2120P0002,1688,1,,1,,,,,,
21.GS.C6.SN.Student2.IB-plant1689-TMS21F2120P0003,TMS21F2120P0003,1689,1,,1,,,,,,
21.GS.C6.SN.Student2.IB-plant1690-TMS21F2120P0004,TMS21F2120P0004,1690,1,,1,,,,,,
21.GS.C6.SN.Student2.IB-plant1691-TMS21F2120P0005,TMS21F2120P0005,1691,1,,1,,,,,,
21.GS.C6.SN.Student2.IB-plant1692-TMS21F2120P0006,TMS21F2120P0006,1692,1,,1,,,,,,
21.GS.C6.SN.Student2.IB-plant1693-TMS21F2120P0007,TMS21F2120P0007,1693,1,,1,,,,,,
21.GS.C6.SN.Student2.IB-plant1694-TMS21F2120P0008,TMS21F2120P0008,1694,1,,1,,,,,,
21.GS.C6.SN.Student2.IB-plant1695-TMS21F2120P0009,TMS21F2120P0009,1695,1,,1,,,,,,
21.GS.C6.SN.Student2.IB-plant1696-TMS21F2120P0010,TMS21F2120P0010,1696,1,,1,,,,,,
21.GS.C6.SN.Student2.IB-plant1697-TMS21F2120P0011,TMS21F2120P0011,1697,1,,1,,,,,,
21.GS.C6.SN.Student2.IB-plant1698-TMS21F2120P0012,TMS21F2120P0012,1698,1,,1,,,,,,
21.GS.C6.SN.Student2.IB-plant1699-TMS21F2120P0013,TMS21F2120P0013,1699,1,,1,,,,,,
21.GS.C6.SN.Student2.IB-plant1700-TMS21F2120P0014,TMS21F2120P0014,1700,1,,1,,,,,,
21.GS.C6.SN.Student2.IB-plant1701-TMS21F2120P0015,TMS21F2120P0015,1701,1,,1,,,,,,
21.GS.C6.SN.Student2.IB-plant1702-TMS21F2120P0016,TMS21F2120P0016,1702,1,,1,,,,,,
21.GS.C6.SN.Student2.IB-plant1703-TMS21F2120P0017,TMS21F2120P0017,1703,1,,1,,,,,,
21.GS.C6.SN.Student2.IB-plant1704-TMS21F2120P0018,TMS21F2120P0018,1704,1,,1,,,,,,
21.GS.C6.SN.Student2.IB-plant1705-TMS21F2120P0019,TMS21F2120P0019,1705,1,,1,,,,,,
21.GS.C6.SN.Student2.IB-plant1706-TMS21F2120P0020,TMS21F2120P0020,1706,1,,1,,,,,,
21.GS.C6.SN.Student2.IB-plant1707-TMS21F2120P0021,TMS21F2120P0021,1707,1,,1,,,,,,
21.GS.C6.SN.Student2.IB-plant1708-TMS21F2120P0022,TMS21F2120P0022,1708,1,,1,,,,,,
21.GS.C6.SN.Student2.IB-plant1709-TMS21F2121P0001,TMS21F2121P0001,1709,1,,1,,,,,,
21.GS.C6.SN.Student2.IB-plant1710-TMS21F2121P0002,TMS21F2121P0002,1710,1,,1,,,,,,
21.GS.C6.SN.Student2.IB-plant1711-TMS21F2121P0003,TMS21F2121P0003,1711,1,,1,,,,,,
21.GS.C6.SN.Student2.IB-plant1712-TMS21F2121P0004,TMS21F2121P0004,1712,1,,1,,,,,,
21.GS.C6.SN.Student2.IB-plant1713-TMS21F2121P0005,TMS21F2121P0005,1713,1,,1,,,,,,
21.GS.C6.SN.Student2.IB-plant1714-TMS21F2121P0006,TMS21F2121P0006,1714,1,,1,,,,,,
21.GS.C6.SN.Student2.IB-plant1715-TMS21F2121P0007,TMS21F2121P0007,1715,1,,1,,,,,,
21.GS.C6.SN.Student2.IB-plant1716-TMS21F2121P0008,TMS21F2121P0008,1716,1,,1,,,,,,
21.GS.C6.SN.Student2.IB-plant1717-TMS21F2121P0009,TMS21F2121P0009,1717,1,,1,,,,,,
21.GS.C6.SN.Student2.IB-plant1718-TMS21F2121P0010,TMS21F2121P0010,1718,1,,1,,,,,,
21.GS.C6.SN.Student2.IB-plant1719-TMS21F2121P0011,TMS21F2121P0011,1719,1,,1,,,,,,
21.GS.C6.SN.Student2.IB-plant1720-TMS21F2121P0012,TMS21F2121P0012,1720,1,,1,,,,,,
21.GS.C6.SN.Student2.IB-plant1721-TMS21F2121P0013,TMS21F2121P0013,1721,1,,1,,,,,,
21.GS.C6.SN.Student2.IB-plant1722-TMS21F2121P0014,TMS21F2121P0014,1722,1,,1,,,,,,
21.GS.C6.SN.Student2.IB-plant1723-TMS21F2121P0015,TMS21F2121P0015,1723,1,,1,,,,,,
21.GS.C6.SN.Student2.IB-plant1724-TMS21F2122P0001,TMS21F2122P0001,1724,1,,1,,,,,,
21.GS.C6.SN.Student2.IB-plant1725-TMS21F2122P0002,TMS21F2122P0002,1725,1,,1,,,,,,
21.GS.C6.SN.Student2.IB-plant1726-TMS21F2122P0003,TMS21F2122P0003,1726,1,,1,,,,,,
21.GS.C6.SN.Student2.IB-plant1727-TMS21F2122P0004,TMS21F2122P0004,1727,1,,1,,,,,,
21.GS.C6.SN.Student2.IB-plant1728-TMS21F2122P0005,TMS21F2122P0005,1728,1,,1,,,,,,
21.GS.C6.SN.Student2.IB-plant1729-TMS21F2122P0006,TMS21F2122P0006,1729,1,,1,,,,,,
21.GS.C6.SN.Student2.IB-plant1730-TMS21F2123P0001,TMS21F2123P0001,1730,1,,1,,,,,,
21.GS.C6.SN.Student2.IB-plant1731-TMS21F2123P0002,TMS21F2123P0002,1731,1,,1,,,,,,
21.GS.C6.SN.Student2.IB-plant1732-TMS21F2123P0003,TMS21F2123P0003,1732,1,,1,,,,,,
21.GS.C6.SN.Student2.IB-plant1733-TMS21F2123P0004,TMS21F2123P0004,1733,1,,1,,,,,,
21.GS.C6.SN.Student2.IB-plant1734-TMS21F2125P0001,TMS21F2125P0001,1734,1,,1,,,,,,
21.GS.C6.SN.Student2.IB-plant1735-TMS21F2125P0002,TMS21F2125P0002,1735,1,,1,,,,,,
21.GS.C6.SN.Student2.IB-plant1736-TMS21F2125P0003,TMS21F2125P0003,1736,1,,1,,,,,,
21.GS.C6.SN.Student2.IB-plant1737-TMS21F2125P0004,TMS21F2125P0004,1737,1,,1,,,,,,
21.GS.C6.SN.Student2.IB-plant1738-TMS21F2125P0005,TMS21F2125P0005,1738,1,,1,,,,,,
21.GS.C6.SN.Student2.IB-plant1739-TMS21F2125P0006,TMS21F2125P0006,1739,1,,1,,,,,,
21.GS.C6.SN.Student2.IB-plant1740-TMS21F2125P0007,TMS21F2125P0007,1740,1,,1,,,,,,
21.GS.C6.SN.Student2.IB-plant1741-TMS21F2125P0008,TMS21F2125P0008,1741,1,,1,,,,,,
21.GS.C6.SN.Student2.IB-plant1742-TMS21F2125P0009,TMS21F2125P0009,1742,1,,1,,,,,,
21.GS.C6.SN.Student2.IB-plant1743-TMS21F2126P0001,TMS21F2126P0001,1743,1,,1,,,,,,
21.GS.C6.SN.Student2.IB-plant1744-TMS21F2127P0001,TMS21F2127P0001,1744,1,,1,,,,,,
21.GS.C6.SN.Student2.IB-plant1745-TMS21F2127P0002,TMS21F2127P0002,1745,1,,1,,,,,,
21.GS.C6.SN.Student2.IB-plant1746-TMS21F2127P0003,TMS21F2127P0003,1746,1,,1,,,,,,
21.GS.C6.SN.Student2.IB-plant1747-TMS21F2128P0001,TMS21F2128P0001,1747,1,,1,,,,,,
21.GS.C6.SN.Student2.IB-plant1748-TMS21F2128P0002,TMS21F2128P0002,1748,1,,1,,,,,,
21.GS.C6.SN.Student2.IB-plant1749-TMS21F2129P0001,TMS21F2129P0001,1749,1,,1,,,,,,
21.GS.C6.SN.Student2.IB-plant1750-TMS21F2129P0002,TMS21F2129P0002,1750,1,,1,,,,,,
21.GS.C6.SN.Student2.IB-plant1751-TMS21F2130P0001,TMS21F2130P0001,1751,1,,1,,,,,,
21.GS.C6.SN.Student2.IB-plant1752-TMS21F2130P0002,TMS21F2130P0002,1752,1,,1,,,,,,
21.GS.C6.SN.Student2.IB-plant1753-TMS21F2130P0003,TMS21F2130P0003,1753,1,,1,,,,,,
21.GS.C6.SN.Student2.IB-plant1754-TMS21F2130P0004,TMS21F2130P0004,1754,1,,1,,,,,,
21.GS.C6.SN.Student2.IB-plant1755-TMS21F2130P0005,TMS21F2130P0005,1755,1,,1,,,,,,
21.GS.C6.SN.Student2.IB-plant1756-TMS21F2130P0006,TMS21F2130P0006,1756,1,,1,,,,,,
21.GS.C6.SN.Student2.IB-plant1757-TMS21F2130P0007,TMS21F2130P0007,1757,1,,1,,,,,,
21.GS.C6.SN.Student2.IB-plant1758-TMS21F2130P0008,TMS21F2130P0008,1758,1,,1,,,,,,
21.GS.C6.SN.Student2.IB-plant1759-TMS21F2130P0009,TMS21F2130P0009,1759,1,,1,,,,,,
21.GS.C6.SN.Student2.IB-plant1760-TMS21F2130P0010,TMS21F2130P0010,1760,1,,1,,,,,,
21.GS.C6.SN.Student2.IB-plant1761-TMS21F2130P0011,TMS21F2130P0011,1761,1,,1,,,,,,
21.GS.C6.SN.Student2.IB-plant1762-TMS21F2130P0012,TMS21F2130P0012,1762,1,,1,,,,,,
21.GS.C6.SN.Student2.IB-plant1763-TMS21F2130P0013,TMS21F2130P0013,1763,1,,1,,,,,,
21.GS.C6.SN.Student2.IB-plant1764-TMS21F2130P0014,TMS21F2130P0014,1764,1,,1,,,,,,
21.GS.C6.SN.Student2.IB-plant1765-TMS21F2130P0015,TMS21F2130P0015,1765,1,,1,,,,,,
21.GS.C6.SN.Student2.IB-plant1766-TMS21F2130P0016,TMS21F2130P0016,1766,1,,1,,,,,,
21.GS.C6.SN.Student2.IB-plant1767-TMS21F2130P0017,TMS21F2130P0017,1767,1,,1,,,,,,
21.GS.C6.SN.Student2.IB-plant1768-TMS21F2130P0018,TMS21F2130P0018,1768,1,,1,,,,,,
21.GS.C6.SN.Student2.IB-plant1769-TMS21F2131P0001,TMS21F2131P0001,1769,1,,1,,,,,,
21.GS.C6.SN.Student2.IB-plant1770-TMS21F2131P0002,TMS21F2131P0002,1770,1,,1,,,,,,
21.GS.C6.SN.Student2.IB-plant1771-TMS21F2132P0001,TMS21F2132P0001,1771,1,,1,,,,,,
21.GS.C6.SN.Student2.IB-plant1772-TMS21F2132P0002,TMS21F2132P0002,1772,1,,1,,,,,,
21.GS.C6.SN.Student2.IB-plant1773-TMS21F2133P0001,TMS21F2133P0001,1773,1,,1,,,,,,
21.GS.C6.SN.Student2.IB-plant1774-TMS21F2133P0002,TMS21F2133P0002,1774,1,,1,,,,,,
21.GS.C6.SN.Student2.IB-plant1775-TMS21F2134P0001,TMS21F2134P0001,1775,1,,1,,,,,,
21.GS.C6.SN.Student2.IB-plant1776-TMS21F2134P0002,TMS21F2134P0002,1776,1,,1,,,,,,
21.GS.C6.SN.Student2.IB-plant1777-TMS21F2135P0001,TMS21F2135P0001,1777,1,,1,,,,,,
21.GS.C6.SN.Student2.IB-plant1778-TMS21F2135P0002,TMS21F2135P0002,1778,1,,1,,,,,,
21.GS.C6.SN.Student2.IB-plant1779-TMS21F2135P0003,TMS21F2135P0003,1779,1,,1,,,,,,
21.GS.C6.SN.Student2.IB-plant1780-TMS21F2135P0004,TMS21F2135P0004,1780,1,,1,,,,,,
21.GS.C6.SN.Student2.IB-plant1781-TMS21F2136P0001,TMS21F2136P0001,1781,1,,1,,,,,,
21.GS.C6.SN.Student2.IB-plant1782-TMS21F2136P0002,TMS21F2136P0002,1782,1,,1,,,,,,
21.GS.C6.SN.Student2.IB-plant1783-TMS21F2136P0003,TMS21F2136P0003,1783,1,,1,,,,,,
21.GS.C6.SN.Student2.IB-plant1784-TMS21F2136P0004,TMS21F2136P0004,1784,1,,1,,,,,,
21.GS.C6.SN.Student2.IB-plant1785-TMS21F2136P0005,TMS21F2136P0005,1785,1,,1,,,,,,
21.GS.C6.SN.Student2.IB-plant1786-TMS21F2136P0006,TMS21F2136P0006,1786,1,,1,,,,,,
21.GS.C6.SN.Student2.IB-plant1787-TMS21F2136P0007,TMS21F2136P0007,1787,1,,1,,,,,,
21.GS.C6.SN.Student2.IB-plant1788-TMS21F2136P0008,TMS21F2136P0008,1788,1,,1,,,,,,
21.GS.C6.SN.Student2.IB-plant1789-TMS21F2137P0001,TMS21F2137P0001,1789,1,,1,,,,,,
21.GS.C6.SN.Student2.IB-plant1790-TMS21F2137P0002,TMS21F2137P0002,1790,1,,1,,,,,,
21.GS.C6.SN.Student2.IB-plant1791-TMS21F2137P0003,TMS21F2137P0003,1791,1,,1,,,,,,
21.GS.C6.SN.Student2.IB-plant1792-TMS21F2137P0004,TMS21F2137P0004,1792,1,,1,,,,,,
21.GS.C6.SN.Student2.IB-plant1793-TMS21F2137P0005,TMS21F2137P0005,1793,1,,1,,,,,,
21.GS.C6.SN.Student2.IB-plant1794-TMS21F2138P0001,TMS21F2138P0001,1794,1,,1,,,,,,
21.GS.C6.SN.Student2.IB-plant1795-TMS21F2138P0002,TMS21F2138P0002,1795,1,,1,,,,,,
21.GS.C6.SN.Student2.IB-plant1796-TMS21F2139P0001,TMS21F2139P0001,1796,1,,1,,,,,,
21.GS.C6.SN.Student2.IB-plant1797-TMS21F2139P0002,TMS21F2139P0002,1797,1,,1,,,,,,
21.GS.C6.SN.Student2.IB-plant1798-TMS21F2139P0003,TMS21F2139P0003,1798,1,,1,,,,,,
21.GS.C6.SN.Student2.IB-plant1799-TMS21F2139P0004,TMS21F2139P0004,1799,1,,1,,,,,,
21.GS.C6.SN.Student2.IB-plant1800-TMS21F2139P0005,TMS21F2139P0005,1800,1,,1,,,,,,
21.GS.C6.SN.Student2.IB-plant1801-TMS21F2139P0006,TMS21F2139P0006,1801,1,,1,,,,,,
21.GS.C6.SN.Student2.IB-plant1802-TMS21F2139P0007,TMS21F2139P0007,1802,1,,1,,,,,,
21.GS.C6.SN.Student2.IB-plant1803-TMS21F2139P0008,TMS21F2139P0008,1803,1,,1,,,,,,
21.GS.C6.SN.Student2.IB-plant1804-TMS21F2139P0009,TMS21F2139P0009,1804,1,,1,,,,,,
21.GS.C6.SN.Student2.IB-plant1805-TMS21F2139P0010,TMS21F2139P0010,1805,1,,1,,,,,,
21.GS.C6.SN.Student2.IB-plant1806-TMS21F2139P0011,TMS21F2139P0011,1806,1,,1,,,,,,
21.GS.C6.SN.Student2.IB-plant1807-TMS21F2139P0012,TMS21F2139P0012,1807,1,,1,,,,,,
21.GS.C6.SN.Student2.IB-plant1808-TMS21F2139P0013,TMS21F2139P0013,1808,1,,1,,,,,,
21.GS.C6.SN.Student2.IB-plant1809-TMS21F2139P0014,TMS21F2139P0014,1809,1,,1,,,,,,
21.GS.C6.SN.Student2.IB-plant1810-TMS21F2139P0015,TMS21F2139P0015,1810,1,,1,,,,,,
21.GS.C6.SN.Student2.IB-plant1811-TMS21F2139P0016,TMS21F2139P0016,1811,1,,1,,,,,,
21.GS.C6.SN.Student2.IB-plant1812-TMS21F2139P0017,TMS21F2139P0017,1812,1,,1,,,,,,
21.GS.C6.SN.Student2.IB-plant1813-TMS21F2139P0018,TMS21F2139P0018,1813,1,,1,,,,,,
21.GS.C6.SN.Student2.IB-plant1814-TMS21F2139P0019,TMS21F2139P0019,1814,1,,1,,,,,,
21.GS.C6.SN.Student2.IB-plant1815-TMS21F2139P0020,TMS21F2139P0020,1815,1,,1,,,,,,
21.GS.C6.SN.Student2.IB-plant1816-TMS21F2139P0021,TMS21F2139P0021,1816,1,,1,,,,,,
21.GS.C6.SN.Student2.IB-plant1817-TMS21F2139P0022,TMS21F2139P0022,1817,1,,1,,,,,,
21.GS.C6.SN.Student2.IB-plant1818-TMS21F2139P0023,TMS21F2139P0023,1818,1,,1,,,,,,
21.GS.C6.SN.Student2.IB-plant1819-TMS21F2139P0024,TMS21F2139P0024,1819,1,,1,,,,,,
21.GS.C6.SN.Student2.IB-plant1820-TMS21F2140P0001,TMS21F2140P0001,1820,1,,1,,,,,,
21.GS.C6.SN.Student2.IB-plant1821-TMS21F2140P0002,TMS21F2140P0002,1821,1,,1,,,,,,
21.GS.C6.SN.Student2.IB-plant1822-TMS21F2140P0003,TMS21F2140P0003,1822,1,,1,,,,,,
21.GS.C6.SN.Student2.IB-plant1823-TMS21F2140P0004,TMS21F2140P0004,1823,1,,1,,,,,,
21.GS.C6.SN.Student2.IB-plant1824-TMS21F2140P0005,TMS21F2140P0005,1824,1,,1,,,,,,
21.GS.C6.SN.Student2.IB-plant1825-TMS21F2140P0006,TMS21F2140P0006,1825,1,,1,,,,,,
21.GS.C6.SN.Student2.IB-plant1826-TMS21F2141P0001,TMS21F2141P0001,1826,1,,1,,,,,,
21.GS.C6.SN.Student2.IB-plant1827-TMS21F2141P0002,TMS21F2141P0002,1827,1,,1,,,,,,
21.GS.C6.SN.Student2.IB-plant1828-TMS21F2141P0003,TMS21F2141P0003,1828,1,,1,,,,,,
21.GS.C6.SN.Student2.IB-plant1829-TMS21F2142P0001,TMS21F2142P0001,1829,1,,1,,,,,,
21.GS.C6.SN.Student2.IB-plant1830-TMS21F2142P0002,TMS21F2142P0002,1830,1,,1,,,,,,
21.GS.C6.SN.Student2.IB-plant1831-TMS21F2142P0003,TMS21F2142P0003,1831,1,,1,,,,,,
21.GS.C6.SN.Student2.IB-plant1832-TMS21F2142P0004,TMS21F2142P0004,1832,1,,1,,,,,,
21.GS.C6.SN.Student2.IB-plant1833-TMS21F2142P0005,TMS21F2142P0005,1833,1,,1,,,,,,
21.GS.C6.SN.Student2.IB-plant1834-TMS21F2142P0006,TMS21F2142P0006,1834,1,,1,,,,,,
21.GS.C6.SN.Student2.IB-plant1835-TMS21F2142P0007,TMS21F2142P0007,1835,1,,1,,,,,,
21.GS.C6.SN.Student2.IB-plant1836-TMS21F2142P0008,TMS21F2142P0008,1836,1,,1,,,,,,
21.GS.C6.SN.Student2.IB-plant1837-TMS21F2142P0009,TMS21F2142P0009,1837,1,,1,,,,,,
21.GS.C6.SN.Student2.IB-plant1838-TMS21F2142P0010,TMS21F2142P0010,1838,1,,1,,,,,,
21.GS.C6.SN.Student2.IB-plant1839-TMS21F2142P0011,TMS21F2142P0011,1839,1,,1,,,,,,
21.GS.C6.SN.Student2.IB-plant1840-TMS21F2142P0012,TMS21F2142P0012,1840,1,,1,,,,,,
21.GS.C6.SN.Student2.IB-plant1841-TMS21F2142P0013,TMS21F2142P0013,1841,1,,1,,,,,,
21.GS.C6.SN.Student2.IB-plant1842-TMS21F2142P0014,TMS21F2142P0014,1842,1,,1,,,,,,
21.GS.C6.SN.Student2.IB-plant1843-TMS21F2142P0015,TMS21F2142P0015,1843,1,,1,,,,,,
21.GS.C6.SN.Student2.IB-plant1844-TMS21F2142P0016,TMS21F2142P0016,1844,1,,1,,,,,,
21.GS.C6.SN.Student2.IB-plant1845-TMS21F2142P0017,TMS21F2142P0017,1845,1,,1,,,,,,
21.GS.C6.SN.Student2.IB-plant1846-TMS21F2142P0018,TMS21F2142P0018,1846,1,,1,,,,,,
21.GS.C6.SN.Student2.IB-plant1847-TMS21F2143P0001,TMS21F2143P0001,1847,1,,1,,,,,,
21.GS.C6.SN.Student2.IB-plant1848-TMS21F2143P0002,TMS21F2143P0002,1848,1,,1,,,,,,
21.GS.C6.SN.Student2.IB-plant1849-TMS21F2143P0003,TMS21F2143P0003,1849,1,,1,,,,,,
21.GS.C6.SN.Student2.IB-plant1850-TMS21F2143P0004,TMS21F2143P0004,1850,1,,1,,,,,,
21.GS.C6.SN.Student2.IB-plant1851-TMS21F2144P0001,TMS21F2144P0001,1851,1,,1,,,,,,
21.GS.C6.SN.Student2.IB-plant1852-TMS21F2144P0002,TMS21F2144P0002,1852,1,,1,,,,,,
21.GS.C6.SN.Student2.IB-plant1853-TMS21F2144P0003,TMS21F2144P0003,1853,1,,1,,,,,,
21.GS.C6.SN.Student2.IB-plant1854-TMS21F2144P0004,TMS21F2144P0004,1854,1,,1,,,,,,
21.GS.C6.SN.Student2.IB-plant1855-TMS21F2144P0005,TMS21F2144P0005,1855,1,,1,,,,,,
21.GS.C6.SN.Student2.IB-plant1856-TMS21F2144P0006,TMS21F2144P0006,1856,1,,1,,,,,,
21.GS.C6.SN.Student2.IB-plant1857-TMS21F2144P0007,TMS21F2144P0007,1857,1,,1,,,,,,
21.GS.C6.SN.Student2.IB-plant1858-TMS21F2145P0001,TMS21F2145P0001,1858,1,,1,,,,,,
21.GS.C6.SN.Student2.IB-plant1859-TMS21F2145P0002,TMS21F2145P0002,1859,1,,1,,,,,,
21.GS.C6.SN.Student2.IB-plant1860-TMS21F2145P0003,TMS21F2145P0003,1860,1,,1,,,,,,
21.GS.C6.SN.Student2.IB-plant1861-TMS21F2145P0004,TMS21F2145P0004,1861,1,,1,,,,,,
21.GS.C6.SN.Student2.IB-plant1862-TMS21F2145P0005,TMS21F2145P0005,1862,1,,1,,,,,,
21.GS.C6.SN.Student2.IB-plant1863-TMS21F2145P0006,TMS21F2145P0006,1863,1,,1,,,,,,
21.GS.C6.SN.Student2.IB-plant1864-TMS21F2145P0007,TMS21F2145P0007,1864,1,,1,,,,,,
21.GS.C6.SN.Student2.IB-plant1865-TMS21F2145P0008,TMS21F2145P0008,1865,1,,1,,,,,,
21.GS.C6.SN.Student2.IB-plant1866-TMS21F2145P0009,TMS21F2145P0009,1866,1,,1,,,,,,
21.GS.C6.SN.Student2.IB-plant1867-TMS21F2145P0010,TMS21F2145P0010,1867,1,,1,,,,,,
21.GS.C6.SN.Student2.IB-plant1868-TMS21F2145P0011,TMS21F2145P0011,1868,1,,1,,,,,,
21.GS.C6.SN.Student2.IB-plant1869-TMS21F2145P0012,TMS21F2145P0012,1869,1,,1,,,,,,
21.GS.C6.SN.Student2.IB-plant1870-TMS21F2146P0001,TMS21F2146P0001,1870,1,,1,,,,,,
21.GS.C6.SN.Student2.IB-plant1871-TMS21F2146P0002,TMS21F2146P0002,1871,1,,1,,,,,,
21.GS.C6.SN.Student2.IB-plant1872-TMS21F2146P0003,TMS21F2146P0003,1872,1,,1,,,,,,
21.GS.C6.SN.Student2.IB-plant1873-TMS21F2146P0004,TMS21F2146P0004,1873,1,,1,,,,,,
21.GS.C6.SN.Student2.IB-plant1874-TMS21F2147P0001,TMS21F2147P0001,1874,1,,1,,,,,,
21.GS.C6.SN.Student2.IB-plant1875-TMS21F2147P0002,TMS21F2147P0002,1875,1,,1,,,,,,
21.GS.C6.SN.Student2.IB-plant1876-TMS21F2147P0003,TMS21F2147P0003,1876,1,,1,,,,,,
21.GS.C6.SN.Student2.IB-plant1877-TMS21F2147P0004,TMS21F2147P0004,1877,1,,1,,,,,,
21.GS.C6.SN.Student2.IB-plant1878-TMS21F2147P0005,TMS21F2147P0005,1878,1,,1,,,,,,
21.GS.C6.SN.Student2.IB-plant1879-TMS21F2147P0006,TMS21F2147P0006,1879,1,,1,,,,,,
21.GS.C6.SN.Student2.IB-plant1880-TMS21F2148P0001,TMS21F2148P0001,1880,1,,1,,,,,,
21.GS.C6.SN.Student2.IB-plant1881-TMS21F2148P0002,TMS21F2148P0002,1881,1,,1,,,,,,
21.GS.C6.SN.Student2.IB-plant1882-TMS21F2148P0003,TMS21F2148P0003,1882,1,,1,,,,,,
21.GS.C6.SN.Student2.IB-plant1883-TMS21F2148P0004,TMS21F2148P0004,1883,1,,1,,,,,,
21.GS.C6.SN.Student2.IB-plant1884-TMS21F2148P0005,TMS21F2148P0005,1884,1,,1,,,,,,
21.GS.C6.SN.Student2.IB-plant1885-TMS21F2148P0006,TMS21F2148P0006,1885,1,,1,,,,,,
21.GS.C6.SN.Student2.IB-plant1886-TMS21F2148P0007,TMS21F2148P0007,1886,1,,1,,,,,,
21.GS.C6.SN.Student2.IB-plant1887-TMS21F2149P0001,TMS21F2149P0001,1887,1,,1,,,,,,
21.GS.C6.SN.Student2.IB-plant1888-TMS21F2149P0002,TMS21F2149P0002,1888,1,,1,,,,,,
21.GS.C6.SN.Student2.IB-plant1889-TMS21F2149P0003,TMS21F2149P0003,1889,1,,1,,,,,,
21.GS.C6.SN.Student2.IB-plant1890-TMS21F2149P0004,TMS21F2149P0004,1890,1,,1,,,,,,
21.GS.C6.SN.Student2.IB-plant1891-TMS21F2149P0005,TMS21F2149P0005,1891,1,,1,,,,,,
21.GS.C6.SN.Student2.IB-plant1892-TMS21F2149P0006,TMS21F2149P0006,1892,1,,1,,,,,,
21.GS.C6.SN.Student2.IB-plant1893-TMS21F2149P0007,TMS21F2149P0007,1893,1,,1,,,,,,
21.GS.C6.SN.Student2.IB-plant1894-TMS21F2149P0008,TMS21F2149P0008,1894,1,,1,,,,,,
21.GS.C6.SN.Student2.IB-plant1895-TMS21F2149P0009,TMS21F2149P0009,1895,1,,1,,,,,,
21.GS.C6.SN.Student2.IB-plant1896-TMS21F2149P0010,TMS21F2149P0010,1896,1,,1,,,,,,
21.GS.C6.SN.Student2.IB-plant1897-TMS21F2149P0011,TMS21F2149P0011,1897,1,,1,,,,,,
21.GS.C6.SN.Student2.IB-plant1898-TMS21F2149P0012,TMS21F2149P0012,1898,1,,1,,,,,,
21.GS.C6.SN.Student2.IB-plant1899-TMS21F2149P0013,TMS21F2149P0013,1899,1,,1,,,,,,
21.GS.C6.SN.Student2.IB-plant1900-TMS21F2150P0001,TMS21F2150P0001,1900,1,,1,,,,,,
21.GS.C6.SN.Student2.IB-plant1901-TMS21F2150P0002,TMS21F2150P0002,1901,1,,1,,,,,,
21.GS.C6.SN.Student2.IB-plant1902-TMS21F2150P0003,TMS21F2150P0003,1902,1,,1,,,,,,
21.GS.C6.SN.Student2.IB-plant1903-TMS21F2150P0004,TMS21F2150P0004,1903,1,,1,,,,,,
21.GS.C6.SN.Student2.IB-plant1904-TMS21F2150P0005,TMS21F2150P0005,1904,1,,1,,,,,,
21.GS.C6.SN.Student2.IB-plant1905-TMS21F2150P0006,TMS21F2150P0006,1905,1,,1,,,,,,
21.GS.C6.SN.Student2.IB-plant1906-TMS21F2150P0007,TMS21F2150P0007,1906,1,,1,,,,,,
21.GS.C6.SN.Student2.IB-plant1907-TMS21F2150P0008,TMS21F2150P0008,1907,1,,1,,,,,,
21.GS.C6.SN.Student2.IB-plant1908-TMS21F2150P0009,TMS21F2150P0009,1908,1,,1,,,,,,
21.GS.C6.SN.Student2.IB-plant1909-TMS21F2150P0010,TMS21F2150P0010,1909,1,,1,,,,,,
21.GS.C6.SN.Student2.IB-plant1910-TMS21F2150P0011,TMS21F2150P0011,1910,1,,1,,,,,,
21.GS.C6.SN.Student2.IB-plant1911-TMS21F2151P0001,TMS21F2151P0001,1911,1,,1,,,,,,
21.GS.C6.SN.Student2.IB-plant1912-TMS21F2151P0002,TMS21F2151P0002,1912,1,,1,,,,,,
21.GS.C6.SN.Student2.IB-plant1913-TMS21F2151P0003,TMS21F2151P0003,1913,1,,1,,,,,,
21.GS.C6.SN.Student2.IB-plant1914-TMS21F2151P0004,TMS21F2151P0004,1914,1,,1,,,,,,
21.GS.C6.SN.Student2.IB-plant1915-TMS21F2151P0005,TMS21F2151P0005,1915,1,,1,,,,,,
21.GS.C6.SN.Student2.IB-plant1916-TMS21F2151P0006,TMS21F2151P0006,1916,1,,1,,,,,,
21.GS.C6.SN.Student2.IB-plant1917-TMS21F2151P0007,TMS21F2151P0007,1917,1,,1,,,,,,
21.GS.C6.SN.Student2.IB-plant1918-TMS21F2151P0008,TMS21F2151P0008,1918,1,,1,,,,,,
21.GS.C6.SN.Student2.IB-plant1919-TMS21F2152P0001,TMS21F2152P0001,1919,1,,1,,,,,,
21.GS.C6.SN.Student2.IB-plant1920-TMS21F2152P0002,TMS21F2152P0002,1920,1,,1,,,,,,
21.GS.C6.SN.Student2.IB-plant1921-TMS21F2152P0003,TMS21F2152P0003,1921,1,,1,,,,,,
21.GS.C6.SN.Student2.IB-plant1922-TMS21F2152P0004,TMS21F2152P0004,1922,1,,1,,,,,,
21.GS.C6.SN.Student2.IB-plant1923-TMS21F2152P0005,TMS21F2152P0005,1923,1,,1,,,,,,
21.GS.C6.SN.Student2.IB-plant1924-TMS21F2152P0006,TMS21F2152P0006,1924,1,,1,,,,,,
21.GS.C6.SN.Student2.IB-plant1925-TMS21F2152P0007,TMS21F2152P0007,1925,1,,1,,,,,,
21.GS.C6.SN.Student2.IB-plant1926-TMS21F2152P0008,TMS21F2152P0008,1926,1,,1,,,,,,
21.GS.C6.SN.Student2.IB-plant1927-TMS21F2152P0009,TMS21F2152P0009,1927,1,,1,,,,,,
21.GS.C6.SN.Student2.IB-plant1928-TMS21F2152P0010,TMS21F2152P0010,1928,1,,1,,,,,,
21.GS.C6.SN.Student2.IB-plant1929-TMS21F2152P0011,TMS21F2152P0011,1929,1,,1,,,,,,
21.GS.C6.SN.Student2.IB-plant1930-TMS21F2152P0012,TMS21F2152P0012,1930,1,,1,,,,,,
21.GS.C6.SN.Student2.IB-plant1931-TMS21F2152P0013,TMS21F2152P0013,1931,1,,1,,,,,,
21.GS.C6.SN.Student2.IB-plant1932-TMS21F2152P0014,TMS21F2152P0014,1932,1,,1,,,,,,
21.GS.C6.SN.Student2.IB-plant1933-TMS21F2152P0015,TMS21F2152P0015,1933,1,,1,,,,,,
21.GS.C6.SN.Student2.IB-plant1934-TMS21F2152P0016,TMS21F2152P0016,1934,1,,1,,,,,,
21.GS.C6.SN.Student2.IB-plant1935-TMS21F2152P0017,TMS21F2152P0017,1935,1,,1,,,,,,
21.GS.C6.SN.Student2.IB-plant1936-TMS21F2152P0018,TMS21F2152P0018,1936,1,,1,,,,,,
21.GS.C6.SN.Student2.IB-plant1937-TMS21F2152P0019,TMS21F2152P0019,1937,1,,1,,,,,,
21.GS.C6.SN.Student2.IB-plant1938-TMS21F2152P0020,TMS21F2152P0020,1938,1,,1,,,,,,
21.GS.C6.SN.Student2.IB-plant1939-TMS21F2152P0021,TMS21F2152P0021,1939,1,,1,,,,,,
21.GS.C6.SN.Student2.IB-plant1940-TMS21F2153P0001,TMS21F2153P0001,1940,1,,1,,,,,,
21.GS.C6.SN.Student2.IB-plant1941-TMS21F2153P0002,TMS21F2153P0002,1941,1,,1,,,,,,
21.GS.C6.SN.Student2.IB-plant1942-TMS21F2153P0003,TMS21F2153P0003,1942,1,,1,,,,,,
21.GS.C6.SN.Student2.IB-plant1943-TMS21F2153P0004,TMS21F2153P0004,1943,1,,1,,,,,,
21.GS.C6.SN.Student2.IB-plant1944-TMS21F2153P0005,TMS21F2153P0005,1944,1,,1,,,,,,
21.GS.C6.SN.Student2.IB-plant1945-TMS21F2153P0006,TMS21F2153P0006,1945,1,,1,,,,,,
21.GS.C6.SN.Student2.IB-plant1946-TMS21F2153P0007,TMS21F2153P0007,1946,1,,1,,,,,,
21.GS.C6.SN.Student2.IB-plant1947-TMS21F2153P0008,TMS21F2153P0008,1947,1,,1,,,,,,
21.GS.C6.SN.Student2.IB-plant1948-TMS21F2153P0009,TMS21F2153P0009,1948,1,,1,,,,,,
21.GS.C6.SN.Student2.IB-plant1949-TMS21F2153P0010,TMS21F2153P0010,1949,1,,1,,,,,,
21.GS.C6.SN.Student2.IB-plant1950-TMS21F2154P0001,TMS21F2154P0001,1950,1,,1,,,,,,
21.GS.C6.SN.Student2.IB-plant1951-TMS21F2154P0002,TMS21F2154P0002,1951,1,,1,,,,,,
21.GS.C6.SN.Student2.IB-plant1952-TMS21F2154P0003,TMS21F2154P0003,1952,1,,1,,,,,,
21.GS.C6.SN.Student2.IB-plant1953-TMS21F2154P0004,TMS21F2154P0004,1953,1,,1,,,,,,
21.GS.C6.SN.Student2.IB-plant1954-TMS21F2154P0005,TMS21F2154P0005,1954,1,,1,,,,,,
21.GS.C6.SN.Student2.IB-plant1955-TMS21F2154P0006,TMS21F2154P0006,1955,1,,1,,,,,,
21.GS.C6.SN.Student2.IB-plant1956-TMS21F2154P0007,TMS21F2154P0007,1956,1,,1,,,,,,
21.GS.C6.SN.Student2.IB-plant1957-TMS21F2154P0008,TMS21F2154P0008,1957,1,,1,,,,,,
21.GS.C6.SN.Student2.IB-plant1958-TMS21F2154P0009,TMS21F2154P0009,1958,1,,1,,,,,,
21.GS.C6.SN.Student2.IB-plant1959-TMS21F2154P0010,TMS21F2154P0010,1959,1,,1,,,,,,
21.GS.C6.SN.Student2.IB-plant1960-TMS21F2154P0011,TMS21F2154P0011,1960,1,,1,,,,,,
21.GS.C6.SN.Student2.IB-plant1961-TMS21F2154P0012,TMS21F2154P0012,1961,1,,1,,,,,,
21.GS.C6.SN.Student2.IB-plant1962-TMS21F2154P0013,TMS21F2154P0013,1962,1,,1,,,,,,
21.GS.C6.SN.Student2.IB-plant1963-TMS21F2154P0014,TMS21F2154P0014,1963,1,,1,,,,,,
21.GS.C6.SN.Student2.IB-plant1964-TMS21F2154P0015,TMS21F2154P0015,1964,1,,1,,,,,,
21.GS.C6.SN.Student2.IB-plant1965-TMS21F2154P0016,TMS21F2154P0016,1965,1,,1,,,,,,
21.GS.C6.SN.Student2.IB-plant1966-TMS21F2154P0017,TMS21F2154P0017,1966,1,,1,,,,,,
21.GS.C6.SN.Student2.IB-plant1967-TMS21F2154P0018,TMS21F2154P0018,1967,1,,1,,,,,,
21.GS.C6.SN.Student2.IB-plant1968-TMS21F2154P0019,TMS21F2154P0019,1968,1,,1,,,,,,
21.GS.C6.SN.Student2.IB-plant1969-TMS21F2154P0020,TMS21F2154P0020,1969,1,,1,,,,,,
21.GS.C6.SN.Student2.IB-plant1970-TMS21F2154P0021,TMS21F2154P0021,1970,1,,1,,,,,,
21.GS.C6.SN.Student2.IB-plant1971-TMS21F2154P0022,TMS21F2154P0022,1971,1,,1,,,,,,
21.GS.C6.SN.Student2.IB-plant1972-TMS21F2154P0023,TMS21F2154P0023,1972,1,,1,,,,,,
21.GS.C6.SN.Student2.IB-plant1973-TMS21F2154P0024,TMS21F2154P0024,1973,1,,1,,,,,,
21.GS.C6.SN.Student2.IB-plant1974-TMS21F2154P0025,TMS21F2154P0025,1974,1,,1,,,,,,
21.GS.C6.SN.Student2.IB-plant1975-TMS21F2154P0026,TMS21F2154P0026,1975,1,,1,,,,,,
21.GS.C6.SN.Student2.IB-plant1976-TMS21F2154P0027,TMS21F2154P0027,1976,1,,1,,,,,,
21.GS.C6.SN.Student2.IB-plant1977-TMS21F2154P0028,TMS21F2154P0028,1977,1,,1,,,,,,
21.GS.C6.SN.Student2.IB-plant1978-TMS21F2154P0029,TMS21F2154P0029,1978,1,,1,,,,,,
21.GS.C6.SN.Student2.IB-plant1979-TMS21F2154P0030,TMS21F2154P0030,1979,1,,1,,,,,,
21.GS.C6.SN.Student2.IB-plant1980-TMS21F2154P0031,TMS21F2154P0031,1980,1,,1,,,,,,
21.GS.C6.SN.Student2.IB-plant1981-TMS21F2154P0032,TMS21F2154P0032,1981,1,,1,,,,,,
21.GS.C6.SN.Student2.IB-plant1982-TMS21F2154P0033,TMS21F2154P0033,1982,1,,1,,,,,,
21.GS.C6.SN.Student2.IB-plant1983-TMS21F2155P0001,TMS21F2155P0001,1983,1,,1,,,,,,
21.GS.C6.SN.Student2.IB-plant1984-TMS21F2155P0002,TMS21F2155P0002,1984,1,,1,,,,,,
21.GS.C6.SN.Student2.IB-plant1985-TMS21F2155P0003,TMS21F2155P0003,1985,1,,1,,,,,,
21.GS.C6.SN.Student2.IB-plant1986-TMS21F2155P0004,TMS21F2155P0004,1986,1,,1,,,,,,
21.GS.C6.SN.Student2.IB-plant1987-TMS21F2155P0005,TMS21F2155P0005,1987,1,,1,,,,,,
21.GS.C6.SN.Student2.IB-plant1988-TMS21F2156P0001,TMS21F2156P0001,1988,1,,1,,,,,,
21.GS.C6.SN.Student2.IB-plant1989-TMS21F2156P0002,TMS21F2156P0002,1989,1,,1,,,,,,
21.GS.C6.SN.Student2.IB-plant1990-TMS21F2156P0003,TMS21F2156P0003,1990,1,,1,,,,,,
21.GS.C6.SN.Student2.IB-plant1991-TMS21F2156P0004,TMS21F2156P0004,1991,1,,1,,,,,,
21.GS.C6.SN.Student2.IB-plant1992-TMS21F2156P0005,TMS21F2156P0005,1992,1,,1,,,,,,
21.GS.C6.SN.Student2.IB-plant1993-TMS21F2156P0006,TMS21F2156P0006,1993,1,,1,,,,,,
21.GS.C6.SN.Student2.IB-plant1994-TMS21F2156P0007,TMS21F2156P0007,1994,1,,1,,,,,,
21.GS.C6.SN.Student2.IB-plant1995-TMS21F2156P0008,TMS21F2156P0008,1995,1,,1,,,,,,
21.GS.C6.SN.Student2.IB-plant1996-TMS21F2156P0009,TMS21F2156P0009,1996,1,,1,,,,,,
21.GS.C6.SN.Student2.IB-plant1997-TMS21F2156P0010,TMS21F2156P0010,1997,1,,1,,,,,,
21.GS.C6.SN.Student2.IB-plant1998-TMS21F2156P0011,TMS21F2156P0011,1998,1,,1,,,,,,
21.GS.C6.SN.Student2.IB-plant1999-TMS21F2156P0012,TMS21F2156P0012,1999,1,,1,,,,,,
21.GS.C6.SN.Student2.IB-plant2000-TMS21F2156P0013,TMS21F2156P0013,2000,1,,1,,,,,,
21.GS.C6.SN.Student2.IB-plant2001-TMS21F2157P0001,TMS21F2157P0001,2001,1,,1,,,,,,
21.GS.C6.SN.Student2.IB-plant2002-TMS21F2157P0002,TMS21F2157P0002,2002,1,,1,,,,,,
21.GS.C6.SN.Student2.IB-plant2003-TMS21F2157P0003,TMS21F2157P0003,2003,1,,1,,,,,,
21.GS.C6.SN.Student2.IB-plant2004-TMS21F2157P0004,TMS21F2157P0004,2004,1,,1,,,,,,
21.GS.C6.SN.Student2.IB-plant2005-TMS21F2157P0005,TMS21F2157P0005,2005,1,,1,,,,,,
21.GS.C6.SN.Student2.IB-plant2006-TMS21F2157P0006,TMS21F2157P0006,2006,1,,1,,,,,,
21.GS.C6.SN.Student2.IB-plant2007-TMS21F2158P0001,TMS21F2158P0001,2007,1,,1,,,,,,
21.GS.C6.SN.Student2.IB-plant2008-TMS21F2158P0002,TMS21F2158P0002,2008,1,,1,,,,,,
21.GS.C6.SN.Student2.IB-plant2009-TMS21F2158P0003,TMS21F2158P0003,2009,1,,1,,,,,,
21.GS.C6.SN.Student2.IB-plant2010-TMS21F2158P0004,TMS21F2158P0004,2010,1,,1,,,,,,
21.GS.C6.SN.Student2.IB-plant2011-TMS21F2158P0005,TMS21F2158P0005,2011,1,,1,,,,,,
21.GS.C6.SN.Student2.IB-plant2012-TMS21F2160P0001,TMS21F2160P0001,2012,1,,1,,,,,,
21.GS.C6.SN.Student2.IB-plant2013-TMS21F2162P0001,TMS21F2162P0001,2013,1,,1,,,,,,
21.GS.C6.SN.Student2.IB-plant2014-TMS21F2162P0002,TMS21F2162P0002,2014,1,,1,,,,,,
21.GS.C6.SN.Student2.IB-plant2015-TMS21F2163P0001,TMS21F2163P0001,2015,1,,1,,,,,,
21.GS.C6.SN.Student2.IB-plant2016-TMS21F2164P0001,TMS21F2164P0001,2016,1,,1,,,,,,
21.GS.C6.SN.Student2.IB-plant2017-TMS21F2164P0002,TMS21F2164P0002,2017,1,,1,,,,,,
21.GS.C6.SN.Student2.IB-plant2018-TMS21F2164P0003,TMS21F2164P0003,2018,1,,1,,,,,,
21.GS.C6.SN.Student2.IB-plant2019-TMS21F2165P0001,TMS21F2165P0001,2019,1,,1,,,,,,
21.GS.C6.SN.Student2.IB-plant2020-TMS21F2165P0002,TMS21F2165P0002,2020,1,,1,,,,,,
21.GS.C6.SN.Student2.IB-plant2021-TMS21F2166P0001,TMS21F2166P0001,2021,1,,1,,,,,,
21.GS.C6.SN.Student2.IB-plant2022-TMS21F2166P0002,TMS21F2166P0002,2022,1,,1,,,,,,
21.GS.C6.SN.Student2.IB-plant2023-TMS21F2166P0003,TMS21F2166P0003,2023,1,,1,,,,,,
21.GS.C6.SN.Student2.IB-plant2024-TMS21F2167P0001,TMS21F2167P0001,2024,1,,1,,,,,,
21.GS.C6.SN.Student2.IB-plant2025-TMS21F2167P0002,TMS21F2167P0002,2025,1,,1,,,,,,
21.GS.C6.SN.Student2.IB-plant2026-TMS21F2167P0003,TMS21F2167P0003,2026,1,,1,,,,,,
21.GS.C6.SN.Student2.IB-plant2027-TMS21F2167P0004,TMS21F2167P0004,2027,1,,1,,,,,,
21.GS.C6.SN.Student2.IB-plant2028-TMS21F2167P0005,TMS21F2167P0005,2028,1,,1,,,,,,
21.GS.C6.SN.Student2.IB-plant2029-TMS21F2167P0006,TMS21F2167P0006,2029,1,,1,,,,,,
21.GS.C6.SN.Student2.IB-plant2030-TMS21F2168P0001,TMS21F2168P0001,2030,1,,1,,,,,,
21.GS.C6.SN.Student2.IB-plant2031-TMS21F2168P0002,TMS21F2168P0002,2031,1,,1,,,,,,
21.GS.C6.SN.Student2.IB-plant2032-TMS21F2168P0003,TMS21F2168P0003,2032,1,,1,,,,,,
21.GS.C6.SN.Student2.IB-plant2033-TMS21F2168P0004,TMS21F2168P0004,2033,1,,1,,,,,,
21.GS.C6.SN.Student2.IB-plant2034-TMS21F2169P0001,TMS21F2169P0001,2034,1,,1,,,,,,
21.GS.C6.SN.Student2.IB-plant2035-TMS21F2170P0001,TMS21F2170P0001,2035,1,,1,,,,,,
21.GS.C6.SN.Student2.IB-plant2036-TMS21F2170P0002,TMS21F2170P0002,2036,1,,1,,,,,,
21.GS.C6.SN.Student2.IB-plant2037-TMS21F2170P0003,TMS21F2170P0003,2037,1,,1,,,,,,
21.GS.C6.SN.Student2.IB-plant2038-TMS21F2170P0004,TMS21F2170P0004,2038,1,,1,,,,,,
21.GS.C6.SN.Student2.IB-plant2039-TMS21F2170P0005,TMS21F2170P0005,2039,1,,1,,,,,,
21.GS.C6.SN.Student2.IB-plant2040-TMS21F2170P0006,TMS21F2170P0006,2040,1,,1,,,,,,
21.GS.C6.SN.Student2.IB-plant2041-TMS21F2170P0007,TMS21F2170P0007,2041,1,,1,,,,,,
21.GS.C6.SN.Student2.IB-plant2042-TMS21F2170P0008,TMS21F2170P0008,2042,1,,1,,,,,,
21.GS.C6.SN.Student2.IB-plant2043-TMS21F2170P0009,TMS21F2170P0009,2043,1,,1,,,,,,
21.GS.C6.SN.Student2.IB-plant2044-TMS21F2171P0001,TMS21F2171P0001,2044,1,,1,,,,,,
21.GS.C6.SN.Student2.IB-plant2045-TMS21F2171P0002,TMS21F2171P0002,2045,1,,1,,,,,,
21.GS.C6.SN.Student2.IB-plant2046-TMS21F2172P0001,TMS21F2172P0001,2046,1,,1,,,,,,
21.GS.C6.SN.Student2.IB-plant2047-TMS21F2172P0002,TMS21F2172P0002,2047,1,,1,,,,,,
21.GS.C6.SN.Student2.IB-plant2048-TMS21F2172P0003,TMS21F2172P0003,2048,1,,1,,,,,,
21.GS.C6.SN.Student2.IB-plant2049-TMS21F2172P0004,TMS21F2172P0004,2049,1,,1,,,,,,
21.GS.C6.SN.Student2.IB-plant2050-TMS21F2172P0005,TMS21F2172P0005,2050,1,,1,,,,,,
21.GS.C6.SN.Student2.IB-plant2051-TMS21F2172P0006,TMS21F2172P0006,2051,1,,1,,,,,,
21.GS.C6.SN.Student2.IB-plant2052-TMS21F2172P0007,TMS21F2172P0007,2052,1,,1,,,,,,
21.GS.C6.SN.Student2.IB-plant2053-TMS21F2172P0008,TMS21F2172P0008,2053,1,,1,,,,,,
21.GS.C6.SN.Student2.IB-plant2054-TMS21F2172P0009,TMS21F2172P0009,2054,1,,1,,,,,,
21.GS.C6.SN.Student2.IB-plant2055-TMS21F2172P0010,TMS21F2172P0010,2055,1,,1,,,,,,
21.GS.C6.SN.Student2.IB-plant2056-TMS21F2172P0011,TMS21F2172P0011,2056,1,,1,,,,,,
21.GS.C6.SN.Student2.IB-plant2057-TMS21F2172P0012,TMS21F2172P0012,2057,1,,1,,,,,,
21.GS.C6.SN.Student2.IB-plant2058-TMS21F2172P0013,TMS21F2172P0013,2058,1,,1,,,,,,
21.GS.C6.SN.Student2.IB-plant2059-TMS21F2172P0014,TMS21F2172P0014,2059,1,,1,,,,,,
21.GS.C6.SN.Student2.IB-plant2060-TMS21F2172P0015,TMS21F2172P0015,2060,1,,1,,,,,,
21.GS.C6.SN.Student2.IB-plant2061-TMS21F2172P0016,TMS21F2172P0016,2061,1,,1,,,,,,
21.GS.C6.SN.Student2.IB-plant2062-TMS21F2172P0017,TMS21F2172P0017,2062,1,,1,,,,,,
21.GS.C6.SN.Student2.IB-plant2063-TMS21F2172P0018,TMS21F2172P0018,2063,1,,1,,,,,,
21.GS.C6.SN.Student2.IB-plant2064-TMS21F2172P0019,TMS21F2172P0019,2064,1,,1,,,,,,
21.GS.C6.SN.Student2.IB-plant2065-TMS21F2173P0001,TMS21F2173P0001,2065,1,,1,,,,,,
21.GS.C6.SN.Student2.IB-plant2066-TMS21F2173P0002,TMS21F2173P0002,2066,1,,1,,,,,,
21.GS.C6.SN.Student2.IB-plant2067-TMS21F2173P0003,TMS21F2173P0003,2067,1,,1,,,,,,
21.GS.C6.SN.Student2.IB-plant2068-TMS21F2173P0004,TMS21F2173P0004,2068,1,,1,,,,,,
21.GS.C6.SN.Student2.IB-plant2069-TMS21F2173P0005,TMS21F2173P0005,2069,1,,1,,,,,,
21.GS.C6.SN.Student2.IB-plant2070-TMS21F2173P0006,TMS21F2173P0006,2070,1,,1,,,,,,
21.GS.C6.SN.Student2.IB-plant2071-TMS21F2173P0007,TMS21F2173P0007,2071,1,,1,,,,,,
21.GS.C6.SN.Student2.IB-plant2072-TMS21F2173P0008,TMS21F2173P0008,2072,1,,1,,,,,,
21.GS.C6.SN.Student2.IB-plant2073-TMS21F2173P0009,TMS21F2173P0009,2073,1,,1,,,,,,
21.GS.C6.SN.Student2.IB-plant2074-TMS21F2173P0010,TMS21F2173P0010,2074,1,,1,,,,,,
21.GS.C6.SN.Student2.IB-plant2075-TMS21F2173P0011,TMS21F2173P0011,2075,1,,1,,,,,,
21.GS.C6.SN.Student2.IB-plant2076-TMS21F2173P0012,TMS21F2173P0012,2076,1,,1,,,,,,
21.GS.C6.SN.Student2.IB-plant2077-TMS21F2174P0001,TMS21F2174P0001,2077,1,,1,,,,,,
21.GS.C6.SN.Student2.IB-plant2078-TMS21F2174P0002,TMS21F2174P0002,2078,1,,1,,,,,,
21.GS.C6.SN.Student2.IB-plant2079-TMS21F2174P0003,TMS21F2174P0003,2079,1,,1,,,,,,
21.GS.C6.SN.Student2.IB-plant2080-TMS21F2174P0004,TMS21F2174P0004,2080,1,,1,,,,,,
21.GS.C6.SN.Student2.IB-plant2081-TMS21F2174P0005,TMS21F2174P0005,2081,1,,1,,,,,,
21.GS.C6.SN.Student2.IB-plant2082-TMS21F2174P0006,TMS21F2174P0006,2082,1,,1,,,,,,
21.GS.C6.SN.Student2.IB-plant2083-TMS21F2174P0007,TMS21F2174P0007,2083,1,,1,,,,,,
21.GS.C6.SN.Student2.IB-plant2084-TMS21F2174P0008,TMS21F2174P0008,2084,1,,1,,,,,,
21.GS.C6.SN.Student2.IB-plant2085-TMS21F2174P0009,TMS21F2174P0009,2085,1,,1,,,,,,
21.GS.C6.SN.Student2.IB-plant2086-TMS21F2174P0010,TMS21F2174P0010,2086,1,,1,,,,,,
21.GS.C6.SN.Student2.IB-plant2087-TMS21F2174P0011,TMS21F2174P0011,2087,1,,1,,,,,,
21.GS.C6.SN.Student2.IB-plant2088-TMS21F2175P0001,TMS21F2175P0001,2088,1,,1,,,,,,
21.GS.C6.SN.Student2.IB-plant2089-TMS21F2175P0002,TMS21F2175P0002,2089,1,,1,,,,,,
21.GS.C6.SN.Student2.IB-plant2090-TMS21F2175P0003,TMS21F2175P0003,2090,1,,1,,,,,,
21.GS.C6.SN.Student2.IB-plant2091-TMS21F2176P0001,TMS21F2176P0001,2091,1,,1,,,,,,
21.GS.C6.SN.Student2.IB-plant2092-TMS21F2178P0001,TMS21F2178P0001,2092,1,,1,,,,,,
21.GS.C6.SN.Student2.IB-plant2093-TMS21F2179P0001,TMS21F2179P0001,2093,1,,1,,,,,,
21.GS.C6.SN.Student2.IB-plant2094-TMS21F2180P0001,TMS21F2180P0001,2094,1,,1,,,,,,
21.GS.C6.SN.Student2.IB-plant2095-TMS21F2180P0002,TMS21F2180P0002,2095,1,,1,,,,,,
21.GS.C6.SN.Student2.IB-plant2096-TMS21F2180P0003,TMS21F2180P0003,2096,1,,1,,,,,,
21.GS.C6.SN.Student2.IB-plant2097-TMS21F2181P0001,TMS21F2181P0001,2097,1,,1,,,,,,
21.GS.C6.SN.Student2.IB-plant2098-TMS21F2181P0002,TMS21F2181P0002,2098,1,,1,,,,,,
21.GS.C6.SN.Student2.IB-plant2099-TMS21F2181P0003,TMS21F2181P0003,2099,1,,1,,,,,,
21.GS.C6.SN.Student2.IB-plant2100-TMS21F2182P0001,TMS21F2182P0001,2100,1,,1,,,,,,
21.GS.C6.SN.Student2.IB-plant2101-TMS21F2182P0002,TMS21F2182P0002,2101,1,,1,,,,,,
21.GS.C6.SN.Student2.IB-plant2102-TMS21F2183P0001,TMS21F2183P0001,2102,1,,1,,,,,,
21.GS.C6.SN.Student2.IB-plant2103-TMS21F2183P0002,TMS21F2183P0002,2103,1,,1,,,,,,
21.GS.C6.SN.Student2.IB-plant2104-TMS21F2183P0003,TMS21F2183P0003,2104,1,,1,,,,,,
21.GS.C6.SN.Student2.IB-plant2105-TMS21F2183P0004,TMS21F2183P0004,2105,1,,1,,,,,,
21.GS.C6.SN.Student2.IB-plant2106-TMS21F2184P0001,TMS21F2184P0001,2106,1,,1,,,,,,
21.GS.C6.SN.Student2.IB-plant2107-TMS21F2184P0002,TMS21F2184P0002,2107,1,,1,,,,,,
21.GS.C6.SN.Student2.IB-plant2108-TMS21F2184P0003,TMS21F2184P0003,2108,1,,1,,,,,,
21.GS.C6.SN.Student2.IB-plant2109-TMS21F2184P0004,TMS21F2184P0004,2109,1,,1,,,,,,
21.GS.C6.SN.Student2.IB-plant2110-TMS21F2184P0005,TMS21F2184P0005,2110,1,,1,,,,,,
21.GS.C6.SN.Student2.IB-plant2111-TMS21F2185P0001,TMS21F2185P0001,2111,1,,1,,,,,,
21.GS.C6.SN.Student2.IB-plant2112-TMS21F2185P0002,TMS21F2185P0002,2112,1,,1,,,,,,
21.GS.C6.SN.Student2.IB-plant2113-TMS21F2185P0003,TMS21F2185P0003,2113,1,,1,,,,,,
21.GS.C6.SN.Student2.IB-plant2114-TMS21F2185P0004,TMS21F2185P0004,2114,1,,1,,,,,,
21.GS.C6.SN.Student2.IB-plant2115-TMS21F2185P0005,TMS21F2185P0005,2115,1,,1,,,,,,
21.GS.C6.SN.Student2.IB-plant2116-TMS21F2185P0006,TMS21F2185P0006,2116,1,,1,,,,,,
21.GS.C6.SN.Student2.IB-plant2117-TMS21F2185P0007,TMS21F2185P0007,2117,1,,1,,,,,,
21.GS.C6.SN.Student2.IB-plant2118-TMS21F2185P0008,TMS21F2185P0008,2118,1,,1,,,,,,
21.GS.C6.SN.Student2.IB-plant2119-TMS21F2185P0009,TMS21F2185P0009,2119,1,,1,,,,,,
21.GS.C6.SN.Student2.IB-plant2120-TMS21F2186P0001,TMS21F2186P0001,2120,1,,1,,,,,,
21.GS.C6.SN.Student2.IB-plant2121-TMS21F2186P0002,TMS21F2186P0002,2121,1,,1,,,,,,
21.GS.C6.SN.Student2.IB-plant2122-TMS21F2186P0003,TMS21F2186P0003,2122,1,,1,,,,,,
21.GS.C6.SN.Student2.IB-plant2123-TMS21F2186P0004,TMS21F2186P0004,2123,1,,1,,,,,,
21.GS.C6.SN.Student2.IB-plant2124-TMS21F2186P0005,TMS21F2186P0005,2124,1,,1,,,,,,
21.GS.C6.SN.Student2.IB-plant2125-TMS21F2186P0006,TMS21F2186P0006,2125,1,,1,,,,,,
21.GS.C6.SN.Student2.IB-plant2126-TMS21F2186P0007,TMS21F2186P0007,2126,1,,1,,,,,,
21.GS.C6.SN.Student2.IB-plant2127-TMS21F2186P0008,TMS21F2186P0008,2127,1,,1,,,,,,
21.GS.C6.SN.Student2.IB-plant2128-TMS21F2186P0009,TMS21F2186P0009,2128,1,,1,,,,,,
21.GS.C6.SN.Student2.IB-plant2129-TMS21F2186P0010,TMS21F2186P0010,2129,1,,1,,,,,,
21.GS.C6.SN.Student2.IB-plant2130-TMS21F2186P0011,TMS21F2186P0011,2130,1,,1,,,,,,
21.GS.C6.SN.Student2.IB-plant2131-TMS21F2187P0001,TMS21F2187P0001,2131,1,,1,,,,,,
21.GS.C6.SN.Student2.IB-plant2132-TMS21F2187P0002,TMS21F2187P0002,2132,1,,1,,,,,,
21.GS.C6.SN.Student2.IB-plant2133-TMS21F2187P0003,TMS21F2187P0003,2133,1,,1,,,,,,
21.GS.C6.SN.Student2.IB-plant2134-TMS21F2187P0004,TMS21F2187P0004,2134,1,,1,,,,,,
21.GS.C6.SN.Student2.IB-plant2135-TMS21F2187P0005,TMS21F2187P0005,2135,1,,1,,,,,,
21.GS.C6.SN.Student2.IB-plant2136-TMS21F2187P0006,TMS21F2187P0006,2136,1,,1,,,,,,
21.GS.C6.SN.Student2.IB-plant2137-TMS21F2187P0007,TMS21F2187P0007,2137,1,,1,,,,,,
21.GS.C6.SN.Student2.IB-plant2138-TMS21F2188P0001,TMS21F2188P0001,2138,1,,1,,,,,,
21.GS.C6.SN.Student2.IB-plant2139-TMS21F2189P0001,TMS21F2189P0001,2139,1,,1,,,,,,
21.GS.C6.SN.Student2.IB-plant2140-TMS21F2189P0002,TMS21F2189P0002,2140,1,,1,,,,,,
21.GS.C6.SN.Student2.IB-plant2141-TMS21F2189P0003,TMS21F2189P0003,2141,1,,1,,,,,,
21.GS.C6.SN.Student2.IB-plant2142-TMS21F2189P0004,TMS21F2189P0004,2142,1,,1,,,,,,
21.GS.C6.SN.Student2.IB-plant2143-TMS21F2189P0005,TMS21F2189P0005,2143,1,,1,,,,,,
21.GS.C6.SN.Student2.IB-plant2144-TMS21F2190P0001,TMS21F2190P0001,2144,1,,1,,,,,,
21.GS.C6.SN.Student2.IB-plant2145-TMS21F2190P0002,TMS21F2190P0002,2145,1,,1,,,,,,
21.GS.C6.SN.Student2.IB-plant2146-TMS21F2190P0003,TMS21F2190P0003,2146,1,,1,,,,,,
21.GS.C6.SN.Student2.IB-plant2147-TMS21F2190P0004,TMS21F2190P0004,2147,1,,1,,,,,,
21.GS.C6.SN.Student2.IB-plant2148-TMS21F2190P0005,TMS21F2190P0005,2148,1,,1,,,,,,
21.GS.C6.SN.Student2.IB-plant2149-TMS21F2190P0006,TMS21F2190P0006,2149,1,,1,,,,,,
21.GS.C6.SN.Student2.IB-plant2150-TMS21F2190P0007,TMS21F2190P0007,2150,1,,1,,,,,,
21.GS.C6.SN.Student2.IB-plant2151-TMS21F2190P0008,TMS21F2190P0008,2151,1,,1,,,,,,
21.GS.C6.SN.Student2.IB-plant2152-TMS21F2190P0009,TMS21F2190P0009,2152,1,,1,,,,,,
21.GS.C6.SN.Student2.IB-plant2153-TMS21F2190P0010,TMS21F2190P0010,2153,1,,1,,,,,,
21.GS.C6.SN.Student2.IB-plant2154-TMS21F2190P0011,TMS21F2190P0011,2154,1,,1,,,,,,
21.GS.C6.SN.Student2.IB-plant2155-TMS21F2190P0012,TMS21F2190P0012,2155,1,,1,,,,,,
21.GS.C6.SN.Student2.IB-plant2156-TMS21F2190P0013,TMS21F2190P0013,2156,1,,1,,,,,,
21.GS.C6.SN.Student2.IB-plant2157-TMS21F2191P0001,TMS21F2191P0001,2157,1,,1,,,,,,
21.GS.C6.SN.Student2.IB-plant2158-TMS21F2191P0002,TMS21F2191P0002,2158,1,,1,,,,,,
21.GS.C6.SN.Student2.IB-plant2159-TMS21F2192P0001,TMS21F2192P0001,2159,1,,1,,,,,,
21.GS.C6.SN.Student2.IB-plant2160-TMS21F2192P0002,TMS21F2192P0002,2160,1,,1,,,,,,
21.GS.C6.SN.Student2.IB-plant2161-TMS21F2192P0003,TMS21F2192P0003,2161,1,,1,,,,,,
21.GS.C6.SN.Student2.IB-plant2162-TMS21F2192P0004,TMS21F2192P0004,2162,1,,1,,,,,,
21.GS.C6.SN.Student2.IB-plant2163-TMS21F2192P0005,TMS21F2192P0005,2163,1,,1,,,,,,
21.GS.C6.SN.Student2.IB-plant2164-TMS21F2192P0006,TMS21F2192P0006,2164,1,,1,,,,,,
21.GS.C6.SN.Student2.IB-plant2165-TMS21F2192P0007,TMS21F2192P0007,2165,1,,1,,,,,,
21.GS.C6.SN.Student2.IB-plant2166-TMS21F2192P0008,TMS21F2192P0008,2166,1,,1,,,,,,
21.GS.C6.SN.Student2.IB-plant2167-TMS21F2193P0001,TMS21F2193P0001,2167,1,,1,,,,,,
21.GS.C6.SN.Student2.IB-plant2168-TMS21F2193P0002,TMS21F2193P0002,2168,1,,1,,,,,,
21.GS.C6.SN.Student2.IB-plant2169-TMS21F2193P0003,TMS21F2193P0003,2169,1,,1,,,,,,
21.GS.C6.SN.Student2.IB-plant2170-TMS21F2193P0004,TMS21F2193P0004,2170,1,,1,,,,,,
21.GS.C6.SN.Student2.IB-plant2171-TMS21F2193P0005,TMS21F2193P0005,2171,1,,1,,,,,,
21.GS.C6.SN.Student2.IB-plant2172-TMS21F2193P0006,TMS21F2193P0006,2172,1,,1,,,,,,
21.GS.C6.SN.Student2.IB-plant2173-TMS21F2193P0007,TMS21F2193P0007,2173,1,,1,,,,,,
21.GS.C6.SN.Student2.IB-plant2174-TMS21F2193P0008,TMS21F2193P0008,2174,1,,1,,,,,,
21.GS.C6.SN.Student2.IB-plant2175-TMS21F2193P0009,TMS21F2193P0009,2175,1,,1,,,,,,
21.GS.C6.SN.Student2.IB-plant2176-TMS21F2193P0010,TMS21F2193P0010,2176,1,,1,,,,,,
21.GS.C6.SN.Student2.IB-plant2177-TMS21F2193P0011,TMS21F2193P0011,2177,1,,1,,,,,,
21.GS.C6.SN.Student2.IB-plant2178-TMS21F2193P0012,TMS21F2193P0012,2178,1,,1,,,,,,
21.GS.C6.SN.Student2.IB-plant2179-TMS21F2194P0001,TMS21F2194P0001,2179,1,,1,,,,,,
21.GS.C6.SN.Student2.IB-plant2180-TMS21F2194P0002,TMS21F2194P0002,2180,1,,1,,,,,,
21.GS.C6.SN.Student2.IB-plant2181-TMS21F2194P0003,TMS21F2194P0003,2181,1,,1,,,,,,
21.GS.C6.SN.Student2.IB-plant2182-TMS21F2194P0004,TMS21F2194P0004,2182,1,,1,,,,,,
21.GS.C6.SN.Student2.IB-plant2183-TMS21F2194P0005,TMS21F2194P0005,2183,1,,1,,,,,,
21.GS.C6.SN.Student2.IB-plant2184-TMS21F2194P0006,TMS21F2194P0006,2184,1,,1,,,,,,
21.GS.C6.SN.Student2.IB-plant2185-TMS21F2195P0001,TMS21F2195P0001,2185,1,,1,,,,,,
21.GS.C6.SN.Student2.IB-plant2186-TMS21F2195P0002,TMS21F2195P0002,2186,1,,1,,,,,,
21.GS.C6.SN.Student2.IB-plant2187-TMS21F2195P0003,TMS21F2195P0003,2187,1,,1,,,,,,
21.GS.C6.SN.Student2.IB-plant2188-TMS21F2195P0004,TMS21F2195P0004,2188,1,,1,,,,,,
21.GS.C6.SN.Student2.IB-plant2189-TMS21F2195P0005,TMS21F2195P0005,2189,1,,1,,,,,,
21.GS.C6.SN.Student2.IB-plant2190-TMS21F2195P0006,TMS21F2195P0006,2190,1,,1,,,,,,
21.GS.C6.SN.Student2.IB-plant2191-TMS21F2195P0007,TMS21F2195P0007,2191,1,,1,,,,,,
21.GS.C6.SN.Student2.IB-plant2192-TMS21F2195P0008,TMS21F2195P0008,2192,1,,1,,,,,,
21.GS.C6.SN.Student2.IB-plant2193-TMS21F2195P0009,TMS21F2195P0009,2193,1,,1,,,,,,
21.GS.C6.SN.Student2.IB-plant2194-TMS21F2195P0010,TMS21F2195P0010,2194,1,,1,,,,,,
21.GS.C6.SN.Student2.IB-plant2195-TMS21F2195P0011,TMS21F2195P0011,2195,1,,1,,,,,,
21.GS.C6.SN.Student2.IB-plant2196-TMS21F2195P0012,TMS21F2195P0012,2196,1,,1,,,,,,
21.GS.C6.SN.Student2.IB-plant2197-TMS21F2195P0013,TMS21F2195P0013,2197,1,,1,,,,,,
21.GS.C6.SN.Student2.IB-plant2198-TMS21F2195P0014,TMS21F2195P0014,2198,1,,1,,,,,,
21.GS.C6.SN.Student2.IB-plant2199-TMS21F2195P0015,TMS21F2195P0015,2199,1,,1,,,,,,
21.GS.C6.SN.Student2.IB-plant2200-TMS21F2195P0016,TMS21F2195P0016,2200,1,,1,,,,,,
21.GS.C6.SN.Student2.IB-plant2201-TMS21F2195P0017,TMS21F2195P0017,2201,1,,1,,,,,,
21.GS.C6.SN.Student2.IB-plant2202-TMS21F2195P0018,TMS21F2195P0018,2202,1,,1,,,,,,
21.GS.C6.SN.Student2.IB-plant2203-TMS21F2196P0001,TMS21F2196P0001,2203,1,,1,,,,,,
21.GS.C6.SN.Student2.IB-plant2204-TMS21F2197P0001,TMS21F2197P0001,2204,1,,1,,,,,,
21.GS.C6.SN.Student2.IB-plant2205-TMS21F2199P0001,TMS21F2199P0001,2205,1,,1,,,,,,
21.GS.C6.SN.Student2.IB-plant2206-TMS21F2199P0002,TMS21F2199P0002,2206,1,,1,,,,,,
21.GS.C6.SN.Student2.IB-plant2207-TMS21F2200P0001,TMS21F2200P0001,2207,1,,1,,,,,,
21.GS.C6.SN.Student2.IB-plant2208-TMS21F2200P0002,TMS21F2200P0002,2208,1,,1,,,,,,
21.GS.C6.SN.Student2.IB-plant2209-TMS21F2201P0001,TMS21F2201P0001,2209,1,,1,,,,,,
21.GS.C6.SN.Student2.IB-plant2210-TMS21F2202P0001,TMS21F2202P0001,2210,1,,1,,,,,,
21.GS.C6.SN.Student2.IB-plant2211-TMS21F2202P0002,TMS21F2202P0002,2211,1,,1,,,,,,
21.GS.C6.SN.Student2.IB-plant2212-TMS21F2202P0003,TMS21F2202P0003,2212,1,,1,,,,,,
21.GS.C6.SN.Student2.IB-plant2213-TMS21F2203P0001,TMS21F2203P0001,2213,1,,1,,,,,,
21.GS.C6.SN.Student2.IB-plant2214-TMS21F2204P0001,TMS21F2204P0001,2214,1,,1,,,,,,
21.GS.C6.SN.Student2.IB-plant2215-TMS21F2204P0002,TMS21F2204P0002,2215,1,,1,,,,,,
21.GS.C6.SN.Student2.IB-plant2216-TMS21F2204P0003,TMS21F2204P0003,2216,1,,1,,,,,,
21.GS.C6.SN.Student2.IB-plant2217-TMS21F2204P0004,TMS21F2204P0004,2217,1,,1,,,,,,
21.GS.C6.SN.Student2.IB-plant2218-TMS21F2204P0005,TMS21F2204P0005,2218,1,,1,,,,,,
21.GS.C6.SN.Student2.IB-plant2219-TMS21F2204P0006,TMS21F2204P0006,2219,1,,1,,,,,,
21.GS.C6.SN.Student2.IB-plant2220-TMS21F2204P0007,TMS21F2204P0007,2220,1,,1,,,,,,
21.GS.C6.SN.Student2.IB-plant2221-TMS21F2204P0008,TMS21F2204P0008,2221,1,,1,,,,,,
21.GS.C6.SN.Student2.IB-plant2222-TMS21F2204P0009,TMS21F2204P0009,2222,1,,1,,,,,,
21.GS.C6.SN.Student2.IB-plant2223-TMS21F2204P0010,TMS21F2204P0010,2223,1,,1,,,,,,
21.GS.C6.SN.Student2.IB-plant2224-TMS21F2204P0011,TMS21F2204P0011,2224,1,,1,,,,,,
21.GS.C6.SN.Student2.IB-plant2225-TMS21F2204P0012,TMS21F2204P0012,2225,1,,1,,,,,,
21.GS.C6.SN.Student2.IB-plant2226-TMS21F2204P0013,TMS21F2204P0013,2226,1,,1,,,,,,
21.GS.C6.SN.Student2.IB-plant2227-TMS21F2205P0001,TMS21F2205P0001,2227,1,,1,,,,,,
21.GS.C6.SN.Student2.IB-plant2228-TMS21F2205P0002,TMS21F2205P0002,2228,1,,1,,,,,,
21.GS.C6.SN.Student2.IB-plant2229-TMS21F2206P0001,TMS21F2206P0001,2229,1,,1,,,,,,
21.GS.C6.SN.Student2.IB-plant2230-TMS21F2206P0002,TMS21F2206P0002,2230,1,,1,,,,,,
21.GS.C6.SN.Student2.IB-plant2231-TMS21F2206P0003,TMS21F2206P0003,2231,1,,1,,,,,,
21.GS.C6.SN.Student2.IB-plant2232-TMS21F2207P0001,TMS21F2207P0001,2232,1,,1,,,,,,
21.GS.C6.SN.Student2.IB-plant2233-TMS21F2207P0002,TMS21F2207P0002,2233,1,,1,,,,,,
21.GS.C6.SN.Student2.IB-plant2234-TMS21F2207P0003,TMS21F2207P0003,2234,1,,1,,,,,,
21.GS.C6.SN.Student2.IB-plant2235-TMS21F2208P0001,TMS21F2208P0001,2235,1,,1,,,,,,
21.GS.C6.SN.Student2.IB-plant2236-TMS21F2208P0002,TMS21F2208P0002,2236,1,,1,,,,,,
21.GS.C6.SN.Student2.IB-plant2237-TMS21F2209P0001,TMS21F2209P0001,2237,1,,1,,,,,,
21.GS.C6.SN.Student2.IB-plant2238-TMS21F2209P0002,TMS21F2209P0002,2238,1,,1,,,,,,
21.GS.C6.SN.Student2.IB-plant2239-TMS21F2209P0003,TMS21F2209P0003,2239,1,,1,,,,,,
21.GS.C6.SN.Student2.IB-plant2240-TMS21F2210P0001,TMS21F2210P0001,2240,1,,1,,,,,,
21.GS.C6.SN.Student2.IB-plant2241-TMS21F2210P0002,TMS21F2210P0002,2241,1,,1,,,,,,
21.GS.C6.SN.Student2.IB-plant2242-TMS21F2211P0001,TMS21F2211P0001,2242,1,,1,,,,,,
21.GS.C6.SN.Student2.IB-plant2243-TMS21F2211P0002,TMS21F2211P0002,2243,1,,1,,,,,,
21.GS.C6.SN.Student2.IB-plant2244-TMS21F2211P0003,TMS21F2211P0003,2244,1,,1,,,,,,
21.GS.C6.SN.Student2.IB-plant2245-TMS21F2211P0004,TMS21F2211P0004,2245,1,,1,,,,,,
21.GS.C6.SN.Student2.IB-plant2246-TMS21F2211P0005,TMS21F2211P0005,2246,1,,1,,,,,,
21.GS.C6.SN.Student2.IB-plant2247-TMS21F2212P0001,TMS21F2212P0001,2247,1,,1,,,,,,
21.GS.C6.SN.Student2.IB-plant2248-TMS21F2212P0002,TMS21F2212P0002,2248,1,,1,,,,,,
21.GS.C6.SN.Student2.IB-plant2249-TMS21F2212P0003,TMS21F2212P0003,2249,1,,1,,,,,,
21.GS.C6.SN.Student2.IB-plant2250-TMS21F2213P0001,TMS21F2213P0001,2250,1,,1,,,,,,
21.GS.C6.SN.Student2.IB-plant2251-TMS21F2213P0002,TMS21F2213P0002,2251,1,,1,,,,,,
21.GS.C6.SN.Student2.IB-plant2252-TMS21F2213P0003,TMS21F2213P0003,2252,1,,1,,,,,,
21.GS.C6.SN.Student2.IB-plant2253-TMS21F2213P0004,TMS21F2213P0004,2253,1,,1,,,,,,
21.GS.C6.SN.Student2.IB-plant2254-TMS21F2213P0005,TMS21F2213P0005,2254,1,,1,,,,,,
21.GS.C6.SN.Student2.IB-plant2255-TMS21F2213P0006,TMS21F2213P0006,2255,1,,1,,,,,,
21.GS.C6.SN.Student2.IB-plant2256-TMS21F2214P0001,TMS21F2214P0001,2256,1,,1,,,,,,
21.GS.C6.SN.Student2.IB-plant2257-TMS21F2214P0002,TMS21F2214P0002,2257,1,,1,,,,,,
21.GS.C6.SN.Student2.IB-plant2258-TMS21F2214P0003,TMS21F2214P0003,2258,1,,1,,,,,,
21.GS.C6.SN.Student2.IB-plant2259-TMS21F2214P0004,TMS21F2214P0004,2259,1,,1,,,,,,
21.GS.C6.SN.Student2.IB-plant2260-TMS21F2214P0005,TMS21F2214P0005,2260,1,,1,,,,,,
21.GS.C6.SN.Student2.IB-plant2261-TMS21F2214P0006,TMS21F2214P0006,2261,1,,1,,,,,,
21.GS.C6.SN.Student2.IB-plant2262-TMS21F2215P0001,TMS21F2215P0001,2262,1,,1,,,,,,
21.GS.C6.SN.Student2.IB-plant2263-TMS21F2215P0002,TMS21F2215P0002,2263,1,,1,,,,,,
21.GS.C6.SN.Student2.IB-plant2264-TMS21F2215P0003,TMS21F2215P0003,2264,1,,1,,,,,,
21.GS.C6.SN.Student2.IB-plant2265-TMS21F2216P0001,TMS21F2216P0001,2265,1,,1,,,,,,
21.GS.C6.SN.Student2.IB-plant2266-TMS21F2216P0002,TMS21F2216P0002,2266,1,,1,,,,,,
21.GS.C6.SN.Student2.IB-plant2267-TMS21F2216P0003,TMS21F2216P0003,2267,1,,1,,,,,,
21.GS.C6.SN.Student2.IB-plant2268-TMS21F2216P0004,TMS21F2216P0004,2268,1,,1,,,,,,
21.GS.C6.SN.Student2.IB-plant2269-TMS21F2216P0005,TMS21F2216P0005,2269,1,,1,,,,,,
21.GS.C6.SN.Student2.IB-plant2270-TMS21F2216P0006,TMS21F2216P0006,2270,1,,1,,,,,,
21.GS.C6.SN.Student2.IB-plant2271-TMS21F2216P0007,TMS21F2216P0007,2271,1,,1,,,,,,
21.GS.C6.SN.Student2.IB-plant2272-TMS21F2216P0008,TMS21F2216P0008,2272,1,,1,,,,,,
21.GS.C6.SN.Student2.IB-plant2273-TMS21F2216P0009,TMS21F2216P0009,2273,1,,1,,,,,,
21.GS.C6.SN.Student2.IB-plant2274-TMS21F2216P0010,TMS21F2216P0010,2274,1,,1,,,,,,
21.GS.C6.SN.Student2.IB-plant2275-TMS21F2217P0001,TMS21F2217P0001,2275,1,,1,,,,,,
21.GS.C6.SN.Student2.IB-plant2276-TMS21F2217P0002,TMS21F2217P0002,2276,1,,1,,,,,,
21.GS.C6.SN.Student2.IB-plant2277-TMS21F2217P0003,TMS21F2217P0003,2277,1,,1,,,,,,
21.GS.C6.SN.Student2.IB-plant2278-TMS21F2218P0001,TMS21F2218P0001,2278,1,,1,,,,,,
21.GS.C6.SN.Student2.IB-plant2279-TMS21F2218P0002,TMS21F2218P0002,2279,1,,1,,,,,,
21.GS.C6.SN.Student2.IB-plant2280-TMS21F2218P0003,TMS21F2218P0003,2280,1,,1,,,,,,
21.GS.C6.SN.Student2.IB-plant2281-TMS21F2219P0001,TMS21F2219P0001,2281,1,,1,,,,,,
21.GS.C6.SN.Student2.IB-plant2282-TMS21F2219P0002,TMS21F2219P0002,2282,1,,1,,,,,,
21.GS.C6.SN.Student2.IB-plant2283-TMS21F2219P0003,TMS21F2219P0003,2283,1,,1,,,,,,
21.GS.C6.SN.Student2.IB-plant2284-TMS21F2219P0004,TMS21F2219P0004,2284,1,,1,,,,,,
21.GS.C6.SN.Student2.IB-plant2285-TMS21F2220P0001,TMS21F2220P0001,2285,1,,1,,,,,,
21.GS.C6.SN.Student2.IB-plant2286-TMS21F2220P0002,TMS21F2220P0002,2286,1,,1,,,,,,
21.GS.C6.SN.Student2.IB-plant2287-TMS21F2220P0003,TMS21F2220P0003,2287,1,,1,,,,,,
21.GS.C6.SN.Student2.IB-plant2288-TMS21F2220P0004,TMS21F2220P0004,2288,1,,1,,,,,,
21.GS.C6.SN.Student2.IB-plant2289-TMS21F2220P0005,TMS21F2220P0005,2289,1,,1,,,,,,
21.GS.C6.SN.Student2.IB-plant2290-TMS21F2220P0006,TMS21F2220P0006,2290,1,,1,,,,,,
21.GS.C6.SN.Student2.IB-plant2291-TMS21F2220P0007,TMS21F2220P0007,2291,1,,1,,,,,,
21.GS.C6.SN.Student2.IB-plant2292-TMS21F2220P0008,TMS21F2220P0008,2292,1,,1,,,,,,
21.GS.C6.SN.Student2.IB-plant2293-TMS21F2220P0009,TMS21F2220P0009,2293,1,,1,,,,,,
21.GS.C6.SN.Student2.IB-plant2294-TMS21F2220P0010,TMS21F2220P0010,2294,1,,1,,,,,,
21.GS.C6.SN.Student2.IB-plant2295-TMS21F2220P0011,TMS21F2220P0011,2295,1,,1,,,,,,
21.GS.C6.SN.Student2.IB-plant2296-TMS21F2220P0012,TMS21F2220P0012,2296,1,,1,,,,,,
21.GS.C6.SN.Student2.IB-plant2297-TMS21F2221P0001,TMS21F2221P0001,2297,1,,1,,,,,,
21.GS.C6.SN.Student2.IB-plant2298-TMS21F2221P0002,TMS21F2221P0002,2298,1,,1,,,,,,
21.GS.C6.SN.Student2.IB-plant2299-TMS21F2221P0003,TMS21F2221P0003,2299,1,,1,,,,,,
21.GS.C6.SN.Student2.IB-plant2300-TMS21F2221P0004,TMS21F2221P0004,2300,1,,1,,,,,,
21.GS.C6.SN.Student2.IB-plant2301-TMS21F2221P0005,TMS21F2221P0005,2301,1,,1,,,,,,
21.GS.C6.SN.Student2.IB-plant2302-TMS21F2221P0006,TMS21F2221P0006,2302,1,,1,,,,,,
21.GS.C6.SN.Student2.IB-plant2303-TMS21F2222P0001,TMS21F2222P0001,2303,1,,1,,,,,,
21.GS.C6.SN.Student2.IB-plant2304-TMS21F2222P0002,TMS21F2222P0002,2304,1,,1,,,,,,
21.GS.C6.SN.Student2.IB-plant2305-TMS21F2222P0003,TMS21F2222P0003,2305,1,,1,,,,,,
21.GS.C6.SN.Student2.IB-plant2306-TMS21F2222P0004,TMS21F2222P0004,2306,1,,1,,,,,,
21.GS.C6.SN.Student2.IB-plant2307-TMS21F2223P0001,TMS21F2223P0001,2307,1,,1,,,,,,
21.GS.C6.SN.Student2.IB-plant2308-TMS21F2223P0002,TMS21F2223P0002,2308,1,,1,,,,,,
21.GS.C6.SN.Student2.IB-plant2309-TMS21F2223P0003,TMS21F2223P0003,2309,1,,1,,,,,,
21.GS.C6.SN.Student2.IB-plant2310-TMS21F2223P0004,TMS21F2223P0004,2310,1,,1,,,,,,
21.GS.C6.SN.Student2.IB-plant2311-TMS21F2223P0005,TMS21F2223P0005,2311,1,,1,,,,,,
21.GS.C6.SN.Student2.IB-plant2312-TMS21F2223P0006,TMS21F2223P0006,2312,1,,1,,,,,,
21.GS.C6.SN.Student2.IB-plant2313-TMS21F2223P0007,TMS21F2223P0007,2313,1,,1,,,,,,
21.GS.C6.SN.Student2.IB-plant2314-TMS21F2223P0008,TMS21F2223P0008,2314,1,,1,,,,,,
21.GS.C6.SN.Student2.IB-plant2315-TMS21F2223P0009,TMS21F2223P0009,2315,1,,1,,,,,,
21.GS.C6.SN.Student2.IB-plant2316-TMS21F2223P0010,TMS21F2223P0010,2316,1,,1,,,,,,
21.GS.C6.SN.Student2.IB-plant2317-TMS21F2223P0011,TMS21F2223P0011,2317,1,,1,,,,,,
21.GS.C6.SN.Student2.IB-plant2318-TMS21F2223P0012,TMS21F2223P0012,2318,1,,1,,,,,,
21.GS.C6.SN.Student2.IB-plant2319-TMS21F2223P0013,TMS21F2223P0013,2319,1,,1,,,,,,
21.GS.C6.SN.Student2.IB-plant2320-TMS21F2223P0014,TMS21F2223P0014,2320,1,,1,,,,,,
21.GS.C6.SN.Student2.IB-plant2321-TMS21F2223P0015,TMS21F2223P0015,2321,1,,1,,,,,,
21.GS.C6.SN.Student2.IB-plant2322-TMS21F2223P0016,TMS21F2223P0016,2322,1,,1,,,,,,
21.GS.C6.SN.Student2.IB-plant2323-TMS21F2223P0017,TMS21F2223P0017,2323,1,,1,,,,,,
21.GS.C6.SN.Student2.IB-plant2324-TMS21F2223P0018,TMS21F2223P0018,2324,1,,1,,,,,,
21.GS.C6.SN.Student2.IB-plant2325-TMS21F2223P0019,TMS21F2223P0019,2325,1,,1,,,,,,
21.GS.C6.SN.Student2.IB-plant2326-TMS21F2223P0020,TMS21F2223P0020,2326,1,,1,,,,,,
21.GS.C6.SN.Student2.IB-plant2327-TMS21F2223P0021,TMS21F2223P0021,2327,1,,1,,,,,,
21.GS.C6.SN.Student2.IB-plant2328-TMS21F2223P0022,TMS21F2223P0022,2328,1,,1,,,,,,
21.GS.C6.SN.Student2.IB-plant2329-TMS21F2223P0023,TMS21F2223P0023,2329,1,,1,,,,,,
21.GS.C6.SN.Student2.IB-plant2330-TMS21F2223P0024,TMS21F2223P0024,2330,1,,1,,,,,,
21.GS.C6.SN.Student2.IB-plant2331-TMS21F2223P0025,TMS21F2223P0025,2331,1,,1,,,,,,
21.GS.C6.SN.Student2.IB-plant2332-TMS21F2223P0026,TMS21F2223P0026,2332,1,,1,,,,,,
21.GS.C6.SN.Student2.IB-plant2333-TMS21F2223P0027,TMS21F2223P0027,2333,1,,1,,,,,,
21.GS.C6.SN.Student2.IB-plant2334-TMS21F2223P0028,TMS21F2223P0028,2334,1,,1,,,,,,
21.GS.C6.SN.Student2.IB-plant2335-TMS21F2223P0029,TMS21F2223P0029,2335,1,,1,,,,,,
21.GS.C6.SN.Student2.IB-plant2336-TMS21F2223P0030,TMS21F2223P0030,2336,1,,1,,,,,,
21.GS.C6.SN.Student2.IB-plant2337-TMS21F2223P0031,TMS21F2223P0031,2337,1,,1,,,,,,
21.GS.C6.SN.Student2.IB-plant2338-TMS21F2223P0032,TMS21F2223P0032,2338,1,,1,,,,,,
21.GS.C6.SN.Student2.IB-plant2339-TMS21F2223P0033,TMS21F2223P0033,2339,1,,1,,,,,,
21.GS.C6.SN.Student2.IB-plant2340-TMS21F2223P0034,TMS21F2223P0034,2340,1,,1,,,,,,
21.GS.C6.SN.Student2.IB-plant2341-TMS21F2223P0035,TMS21F2223P0035,2341,1,,1,,,,,,
21.GS.C6.SN.Student2.IB-plant2342-TMS21F2223P0036,TMS21F2223P0036,2342,1,,1,,,,,,
21.GS.C6.SN.Student2.IB-plant2343-TMS21F2223P0037,TMS21F2223P0037,2343,1,,1,,,,,,
21.GS.C6.SN.Student2.IB-plant2344-TMS21F2223P0038,TMS21F2223P0038,2344,1,,1,,,,,,
21.GS.C6.SN.Student2.IB-plant2345-TMS21F2223P0039,TMS21F2223P0039,2345,1,,1,,,,,,
21.GS.C6.SN.Student2.IB-plant2346-TMS21F2223P0040,TMS21F2223P0040,2346,1,,1,,,,,,
21.GS.C6.SN.Student2.IB-plant2347-TMS21F2223P0041,TMS21F2223P0041,2347,1,,1,,,,,,
21.GS.C6.SN.Student2.IB-plant2348-TMS21F2224P0001,TMS21F2224P0001,2348,1,,1,,,,,,
21.GS.C6.SN.Student2.IB-plant2349-TMS21F2224P0002,TMS21F2224P0002,2349,1,,1,,,,,,
21.GS.C6.SN.Student2.IB-plant2350-TMS21F2224P0003,TMS21F2224P0003,2350,1,,1,,,,,,
21.GS.C6.SN.Student2.IB-plant2351-TMS21F2224P0004,TMS21F2224P0004,2351,1,,1,,,,,,
21.GS.C6.SN.Student2.IB-plant2352-TMS21F2224P0005,TMS21F2224P0005,2352,1,,1,,,,,,
21.GS.C6.SN.Student2.IB-plant2353-TMS21F2224P0006,TMS21F2224P0006,2353,1,,1,,,,,,
21.GS.C6.SN.Student2.IB-plant2354-TMS21F2224P0007,TMS21F2224P0007,2354,1,,1,,,,,,
21.GS.C6.SN.Student2.IB-plant2355-TMS21F2224P0008,TMS21F2224P0008,2355,1,,1,,,,,,
21.GS.C6.SN.Student2.IB-plant2356-TMS21F2224P0009,TMS21F2224P0009,2356,1,,1,,,,,,
21.GS.C6.SN.Student2.IB-plant2357-TMS21F2224P0010,TMS21F2224P0010,2357,1,,1,,,,,,
21.GS.C6.SN.Student2.IB-plant2358-TMS21F2224P0011,TMS21F2224P0011,2358,1,,1,,,,,,
21.GS.C6.SN.Student2.IB-plant2359-TMS21F2224P0012,TMS21F2224P0012,2359,1,,1,,,,,,
21.GS.C6.SN.Student2.IB-plant2360-TMS21F2224P0013,TMS21F2224P0013,2360,1,,1,,,,,,
21.GS.C6.SN.Student2.IB-plant2361-TMS21F2225P0001,TMS21F2225P0001,2361,1,,1,,,,,,
21.GS.C6.SN.Student2.IB-plant2362-TMS21F2225P0002,TMS21F2225P0002,2362,1,,1,,,,,,
21.GS.C6.SN.Student2.IB-plant2363-TMS21F2225P0003,TMS21F2225P0003,2363,1,,1,,,,,,
21.GS.C6.SN.Student2.IB-plant2364-TMS21F2225P0004,TMS21F2225P0004,2364,1,,1,,,,,,
21.GS.C6.SN.Student2.IB-plant2365-TMS21F2225P0005,TMS21F2225P0005,2365,1,,1,,,,,,
21.GS.C6.SN.Student2.IB-plant2366-TMS21F2225P0006,TMS21F2225P0006,2366,1,,1,,,,,,
21.GS.C6.SN.Student2.IB-plant2367-TMS21F2225P0007,TMS21F2225P0007,2367,1,,1,,,,,,
21.GS.C6.SN.Student2.IB-plant2368-TMS21F2225P0008,TMS21F2225P0008,2368,1,,1,,,,,,
21.GS.C6.SN.Student2.IB-plant2369-TMS21F2225P0009,TMS21F2225P0009,2369,1,,1,,,,,,
21.GS.C6.SN.Student2.IB-plant2370-TMS21F2225P0010,TMS21F2225P0010,2370,1,,1,,,,,,
21.GS.C6.SN.Student2.IB-plant2371-TMS21F2225P0011,TMS21F2225P0011,2371,1,,1,,,,,,
21.GS.C6.SN.Student2.IB-plant2372-TMS21F2227P0001,TMS21F2227P0001,2372,1,,1,,,,,,
21.GS.C6.SN.Student2.IB-plant2373-TMS21F2227P0002,TMS21F2227P0002,2373,1,,1,,,,,,
21.GS.C6.SN.Student2.IB-plant2374-TMS21F2227P0003,TMS21F2227P0003,2374,1,,1,,,,,,
21.GS.C6.SN.Student2.IB-plant2375-TMS21F2227P0004,TMS21F2227P0004,2375,1,,1,,,,,,
21.GS.C6.SN.Student2.IB-plant2376-TMS21F2227P0005,TMS21F2227P0005,2376,1,,1,,,,,,
21.GS.C6.SN.Student2.IB-plant2377-TMS21F2227P0006,TMS21F2227P0006,2377,1,,1,,,,,,
21.GS.C6.SN.Student2.IB-plant2378-TMS21F2227P0007,TMS21F2227P0007,2378,1,,1,,,,,,
21.GS.C6.SN.Student2.IB-plant2379-TMS21F2227P0008,TMS21F2227P0008,2379,1,,1,,,,,,
21.GS.C6.SN.Student2.IB-plant2380-TMS21F2227P0009,TMS21F2227P0009,2380,1,,1,,,,,,
21.GS.C6.SN.Student2.IB-plant2381-TMS21F2227P0010,TMS21F2227P0010,2381,1,,1,,,,,,
21.GS.C6.SN.Student2.IB-plant2382-TMS21F2227P0011,TMS21F2227P0011,2382,1,,1,,,,,,
21.GS.C6.SN.Student2.IB-plant2383-TMS21F2227P0012,TMS21F2227P0012,2383,1,,1,,,,,,
21.GS.C6.SN.Student2.IB-plant2384-TMS21F2227P0013,TMS21F2227P0013,2384,1,,1,,,,,,
21.GS.C6.SN.Student2.IB-plant2385-TMS21F2227P0014,TMS21F2227P0014,2385,1,,1,,,,,,
21.GS.C6.SN.Student2.IB-plant2386-TMS21F2227P0015,TMS21F2227P0015,2386,1,,1,,,,,,
21.GS.C6.SN.Student2.IB-plant2387-TMS21F2227P0016,TMS21F2227P0016,2387,1,,1,,,,,,
21.GS.C6.SN.Student2.IB-plant2388-TMS21F2227P0017,TMS21F2227P0017,2388,1,,1,,,,,,
21.GS.C6.SN.Student2.IB-plant2389-TMS21F2227P0018,TMS21F2227P0018,2389,1,,1,,,,,,
21.GS.C6.SN.Student2.IB-plant2390-TMS21F2227P0019,TMS21F2227P0019,2390,1,,1,,,,,,
21.GS.C6.SN.Student2.IB-plant2391-TMS21F2227P0020,TMS21F2227P0020,2391,1,,1,,,,,,
21.GS.C6.SN.Student2.IB-plant2392-TMS21F2227P0021,TMS21F2227P0021,2392,1,,1,,,,,,
21.GS.C6.SN.Student2.IB-plant2393-TMS21F2227P0022,TMS21F2227P0022,2393,1,,1,,,,,,
21.GS.C6.SN.Student2.IB-plant2394-TMS21F2227P0023,TMS21F2227P0023,2394,1,,1,,,,,,
21.GS.C6.SN.Student2.IB-plant2395-TMS21F2227P0024,TMS21F2227P0024,2395,1,,1,,,,,,
21.GS.C6.SN.Student2.IB-plant2396-TMS21F2227P0025,TMS21F2227P0025,2396,1,,1,,,,,,
21.GS.C6.SN.Student2.IB-plant2397-TMS21F2227P0026,TMS21F2227P0026,2397,1,,1,,,,,,
21.GS.C6.SN.Student2.IB-plant2398-TMS21F2227P0027,TMS21F2227P0027,2398,1,,1,,,,,,
21.GS.C6.SN.Student2.IB-plant2399-TMS21F2227P0028,TMS21F2227P0028,2399,1,,1,,,,,,
21.GS.C6.SN.Student2.IB-plant2400-TMS21F2227P0029,TMS21F2227P0029,2400,1,,1,,,,,,
21.GS.C6.SN.Student2.IB-plant2401-TMS21F2227P0030,TMS21F2227P0030,2401,1,,1,,,,,,
21.GS.C6.SN.Student2.IB-plant2402-TMS21F2227P0031,TMS21F2227P0031,2402,1,,1,,,,,,
21.GS.C6.SN.Student2.IB-plant2403-TMS21F2227P0032,TMS21F2227P0032,2403,1,,1,,,,,,
21.GS.C6.SN.Student2.IB-plant2404-TMS21F2227P0033,TMS21F2227P0033,2404,1,,1,,,,,,
21.GS.C6.SN.Student2.IB-plant2405-TMS21F2227P0034,TMS21F2227P0034,2405,1,,1,,,,,,
21.GS.C6.SN.Student2.IB-plant2406-TMS21F2227P0035,TMS21F2227P0035,2406,1,,1,,,,,,
21.GS.C6.SN.Student2.IB-plant2407-TMS21F2227P0036,TMS21F2227P0036,2407,1,,1,,,,,,
21.GS.C6.SN.Student2.IB-plant2408-TMS21F2227P0037,TMS21F2227P0037,2408,1,,1,,,,,,
21.GS.C6.SN.Student2.IB-plant2409-TMS21F2227P0038,TMS21F2227P0038,2409,1,,1,,,,,,
21.GS.C6.SN.Student2.IB-plant2410-TMS21F2227P0039,TMS21F2227P0039,2410,1,,1,,,,,,
21.GS.C6.SN.Student2.IB-plant2411-TMS21F2227P0040,TMS21F2227P0040,2411,1,,1,,,,,,
21.GS.C6.SN.Student2.IB-plant2412-TMS21F2227P0041,TMS21F2227P0041,2412,1,,1,,,,,,
21.GS.C6.SN.Student2.IB-plant2413-TMS21F2227P0042,TMS21F2227P0042,2413,1,,1,,,,,,
21.GS.C6.SN.Student2.IB-plant2414-TMS21F2227P0043,TMS21F2227P0043,2414,1,,1,,,,,,
21.GS.C6.SN.Student2.IB-plant2415-TMS21F2227P0044,TMS21F2227P0044,2415,1,,1,,,,,,
21.GS.C6.SN.Student2.IB-plant2416-TMS21F2227P0045,TMS21F2227P0045,2416,1,,1,,,,,,
21.GS.C6.SN.Student2.IB-plant2417-TMS21F2227P0046,TMS21F2227P0046,2417,1,,1,,,,,,
21.GS.C6.SN.Student2.IB-plant2418-TMS21F2227P0047,TMS21F2227P0047,2418,1,,1,,,,,,
21.GS.C6.SN.Student2.IB-plant2419-TMS21F2227P0048,TMS21F2227P0048,2419,1,,1,,,,,,
21.GS.C6.SN.Student2.IB-plant2420-TMS21F2227P0049,TMS21F2227P0049,2420,1,,1,,,,,,
21.GS.C6.SN.Student2.IB-plant2421-TMS21F2227P0050,TMS21F2227P0050,2421,1,,1,,,,,,
21.GS.C6.SN.Student2.IB-plant2422-TMS21F2227P0051,TMS21F2227P0051,2422,1,,1,,,,,,
21.GS.C6.SN.Student2.IB-plant2423-TMS21F2227P0052,TMS21F2227P0052,2423,1,,1,,,,,,
21.GS.C6.SN.Student2.IB-plant2424-TMS21F2227P0053,TMS21F2227P0053,2424,1,,1,,,,,,
21.GS.C6.SN.Student2.IB-plant2425-TMS21F2227P0054,TMS21F2227P0054,2425,1,,1,,,,,,
21.GS.C6.SN.Student2.IB-plant2426-TMS21F2227P0055,TMS21F2227P0055,2426,1,,1,,,,,,
21.GS.C6.SN.Student2.IB-plant2427-TMS21F2227P0056,TMS21F2227P0056,2427,1,,1,,,,,,
21.GS.C6.SN.Student2.IB-plant2428-TMS21F2227P0057,TMS21F2227P0057,2428,1,,1,,,,,,
21.GS.C6.SN.Student2.IB-plant2429-TMS21F2227P0058,TMS21F2227P0058,2429,1,,1,,,,,,
21.GS.C6.SN.Student2.IB-plant2430-TMS21F2227P0059,TMS21F2227P0059,2430,1,,1,,,,,,
21.GS.C6.SN.Student2.IB-plant2431-TMS21F2227P0060,TMS21F2227P0060,2431,1,,1,,,,,,
21.GS.C6.SN.Student2.IB-plant2432-TMS21F2227P0061,TMS21F2227P0061,2432,1,,1,,,,,,
21.GS.C6.SN.Student2.IB-plant2433-TMS21F2227P0062,TMS21F2227P0062,2433,1,,1,,,,,,
21.GS.C6.SN.Student2.IB-plant2434-TMS21F2227P0063,TMS21F2227P0063,2434,1,,1,,,,,,
21.GS.C6.SN.Student2.IB-plant2435-TMS21F2227P0064,TMS21F2227P0064,2435,1,,1,,,,,,
21.GS.C6.SN.Student2.IB-plant2436-TMS21F2227P0065,TMS21F2227P0065,2436,1,,1,,,,,,
21.GS.C6.SN.Student2.IB-plant2437-TMS21F2227P0066,TMS21F2227P0066,2437,1,,1,,,,,,
21.GS.C6.SN.Student2.IB-plant2438-TMS21F2227P0067,TMS21F2227P0067,2438,1,,1,,,,,,
21.GS.C6.SN.Student2.IB-plant2439-TMS21F2227P0068,TMS21F2227P0068,2439,1,,1,,,,,,
21.GS.C6.SN.Student2.IB-plant2440-TMS21F2227P0069,TMS21F2227P0069,2440,1,,1,,,,,,
21.GS.C6.SN.Student2.IB-plant2441-TMS21F2227P0070,TMS21F2227P0070,2441,1,,1,,,,,,
21.GS.C6.SN.Student2.IB-plant2442-TMS21F2227P0071,TMS21F2227P0071,2442,1,,1,,,,,,
21.GS.C6.SN.Student2.IB-plant2443-TMS21F2227P0072,TMS21F2227P0072,2443,1,,1,,,,,,
21.GS.C6.SN.Student2.IB-plant2444-TMS21F2227P0073,TMS21F2227P0073,2444,1,,1,,,,,,
21.GS.C6.SN.Student2.IB-plant2445-TMS21F2227P0074,TMS21F2227P0074,2445,1,,1,,,,,,
21.GS.C6.SN.Student2.IB-plant2446-TMS21F2227P0075,TMS21F2227P0075,2446,1,,1,,,,,,
21.GS.C6.SN.Student2.IB-plant2447-TMS21F2227P0076,TMS21F2227P0076,2447,1,,1,,,,,,
21.GS.C6.SN.Student2.IB-plant2448-TMS21F2227P0077,TMS21F2227P0077,2448,1,,1,,,,,,
21.GS.C6.SN.Student2.IB-plant2449-TMS21F2227P0078,TMS21F2227P0078,2449,1,,1,,,,,,
21.GS.C6.SN.Student2.IB-plant2450-TMS21F2227P0079,TMS21F2227P0079,2450,1,,1,,,,,,
21.GS.C6.SN.Student2.IB-plant2451-TMS21F2227P0080,TMS21F2227P0080,2451,1,,1,,,,,,
21.GS.C6.SN.Student2.IB-plant2452-TMS21F2227P0081,TMS21F2227P0081,2452,1,,1,,,,,,
21.GS.C6.SN.Student2.IB-plant2453-TMS21F2227P0082,TMS21F2227P0082,2453,1,,1,,,,,,
21.GS.C6.SN.Student2.IB-plant2454-TMS21F2227P0083,TMS21F2227P0083,2454,1,,1,,,,,,
21.GS.C6.SN.Student2.IB-plant2455-TMS21F2227P0084,TMS21F2227P0084,2455,1,,1,,,,,,
21.GS.C6.SN.Student2.IB-plant2456-TMS21F2227P0085,TMS21F2227P0085,2456,1,,1,,,,,,
21.GS.C6.SN.Student2.IB-plant2457-TMS21F2227P0086,TMS21F2227P0086,2457,1,,1,,,,,,
21.GS.C6.SN.Student2.IB-plant2458-TMS21F2227P0087,TMS21F2227P0087,2458,1,,1,,,,,,
21.GS.C6.SN.Student2.IB-plant2459-TMS21F2227P0088,TMS21F2227P0088,2459,1,,1,,,,,,
21.GS.C6.SN.Student2.IB-plant2460-TMS21F2227P0089,TMS21F2227P0089,2460,1,,1,,,,,,
21.GS.C6.SN.Student2.IB-plant2461-TMS21F2227P0090,TMS21F2227P0090,2461,1,,1,,,,,,
21.GS.C6.SN.Student2.IB-plant2462-TMS21F2228P0001,TMS21F2228P0001,2462,1,,1,,,,,,
21.GS.C6.SN.Student2.IB-plant2463-TMS21F2228P0002,TMS21F2228P0002,2463,1,,1,,,,,,
21.GS.C6.SN.Student2.IB-plant2464-TMS21F2228P0003,TMS21F2228P0003,2464,1,,1,,,,,,
21.GS.C6.SN.Student2.IB-plant2465-TMS21F2228P0004,TMS21F2228P0004,2465,1,,1,,,,,,
21.GS.C6.SN.Student2.IB-plant2466-TMS21F2228P0005,TMS21F2228P0005,2466,1,,1,,,,,,
21.GS.C6.SN.Student2.IB-plant2467-TMS21F2228P0006,TMS21F2228P0006,2467,1,,1,,,,,,
21.GS.C6.SN.Student2.IB-plant2468-TMS21F2228P0007,TMS21F2228P0007,2468,1,,1,,,,,,
21.GS.C6.SN.Student2.IB-plant2469-TMS21F2228P0008,TMS21F2228P0008,2469,1,,1,,,,,,
21.GS.C6.SN.Student2.IB-plant2470-TMS21F2228P0009,TMS21F2228P0009,2470,1,,1,,,,,,
21.GS.C6.SN.Student2.IB-plant2471-TMS21F2228P0010,TMS21F2228P0010,2471,1,,1,,,,,,
21.GS.C6.SN.Student2.IB-plant2472-TMS21F2228P0011,TMS21F2228P0011,2472,1,,1,,,,,,
21.GS.C6.SN.Student2.IB-plant2473-TMS21F2228P0012,TMS21F2228P0012,2473,1,,1,,,,,,
21.GS.C6.SN.Student2.IB-plant2474-TMS21F2228P0013,TMS21F2228P0013,2474,1,,1,,,,,,
21.GS.C6.SN.Student2.IB-plant2475-TMS21F2228P0014,TMS21F2228P0014,2475,1,,1,,,,,,
21.GS.C6.SN.Student2.IB-plant2476-TMS21F2228P0015,TMS21F2228P0015,2476,1,,1,,,,,,
21.GS.C6.SN.Student2.IB-plant2477-TMS21F2228P0016,TMS21F2228P0016,2477,1,,1,,,,,,
21.GS.C6.SN.Student2.IB-plant2478-TMS21F2228P0017,TMS21F2228P0017,2478,1,,1,,,,,,
21.GS.C6.SN.Student2.IB-plant2479-TMS21F2228P0018,TMS21F2228P0018,2479,1,,1,,,,,,
21.GS.C6.SN.Student2.IB-plant2480-TMS21F2228P0019,TMS21F2228P0019,2480,1,,1,,,,,,
21.GS.C6.SN.Student2.IB-plant2481-TMS21F2228P0020,TMS21F2228P0020,2481,1,,1,,,,,,
21.GS.C6.SN.Student2.IB-plant2482-TMS21F2228P0021,TMS21F2228P0021,2482,1,,1,,,,,,
21.GS.C6.SN.Student2.IB-plant2483-TMS21F2228P0022,TMS21F2228P0022,2483,1,,1,,,,,,
21.GS.C6.SN.Student2.IB-plant2484-TMS21F2228P0023,TMS21F2228P0023,2484,1,,1,,,,,,
21.GS.C6.SN.Student2.IB-plant2485-TMS21F2228P0024,TMS21F2228P0024,2485,1,,1,,,,,,
21.GS.C6.SN.Student2.IB-plant2486-TMS21F2228P0025,TMS21F2228P0025,2486,1,,1,,,,,,
21.GS.C6.SN.Student2.IB-plant2487-TMS21F2228P0026,TMS21F2228P0026,2487,1,,1,,,,,,
21.GS.C6.SN.Student2.IB-plant2488-TMS21F2228P0027,TMS21F2228P0027,2488,1,,1,,,,,,
21.GS.C6.SN.Student2.IB-plant2489-TMS21F2228P0028,TMS21F2228P0028,2489,1,,1,,,,,,
21.GS.C6.SN.Student2.IB-plant2490-TMS21F2228P0029,TMS21F2228P0029,2490,1,,1,,,,,,
21.GS.C6.SN.Student2.IB-plant2491-TMS21F2228P0030,TMS21F2228P0030,2491,1,,1,,,,,,
21.GS.C6.SN.Student2.IB-plant2492-TMS21F2228P0031,TMS21F2228P0031,2492,1,,1,,,,,,
21.GS.C6.SN.Student2.IB-plant2493-TMS21F2228P0032,TMS21F2228P0032,2493,1,,1,,,,,,
21.GS.C6.SN.Student2.IB-plant2494-TMS21F2228P0033,TMS21F2228P0033,2494,1,,1,,,,,,
21.GS.C6.SN.Student2.IB-plant2495-TMS21F2228P0034,TMS21F2228P0034,2495,1,,1,,,,,,
21.GS.C6.SN.Student2.IB-plant2496-TMS21F2228P0035,TMS21F2228P0035,2496,1,,1,,,,,,
21.GS.C6.SN.Student2.IB-plant2497-TMS21F2228P0036,TMS21F2228P0036,2497,1,,1,,,,,,
21.GS.C6.SN.Student2.IB-plant2498-TMS21F2228P0037,TMS21F2228P0037,2498,1,,1,,,,,,
21.GS.C6.SN.Student2.IB-plant2499-TMS21F2228P0038,TMS21F2228P0038,2499,1,,1,,,,,,
21.GS.C6.SN.Student2.IB-plant2500-TMS21F2228P0039,TMS21F2228P0039,2500,1,,1,,,,,,
21.GS.C6.SN.Student2.IB-plant2501-TMS21F2228P0040,TMS21F2228P0040,2501,1,,1,,,,,,
21.GS.C6.SN.Student2.IB-plant2502-TMS21F2228P0041,TMS21F2228P0041,2502,1,,1,,,,,,
21.GS.C6.SN.Student2.IB-plant2503-TMS21F2228P0042,TMS21F2228P0042,2503,1,,1,,,,,,
21.GS.C6.SN.Student2.IB-plant2504-TMS21F2228P0043,TMS21F2228P0043,2504,1,,1,,,,,,
21.GS.C6.SN.Student2.IB-plant2505-TMS21F2228P0044,TMS21F2228P0044,2505,1,,1,,,,,,
21.GS.C6.SN.Student2.IB-plant2506-TMS21F2228P0045,TMS21F2228P0045,2506,1,,1,,,,,,
21.GS.C6.SN.Student2.IB-plant2507-TMS21F2228P0046,TMS21F2228P0046,2507,1,,1,,,,,,
21.GS.C6.SN.Student2.IB-plant2508-TMS21F2228P0047,TMS21F2228P0047,2508,1,,1,,,,,,
21.GS.C6.SN.Student2.IB-plant2509-TMS21F2228P0048,TMS21F2228P0048,2509,1,,1,,,,,,
21.GS.C6.SN.Student2.IB-plant2510-TMS21F2228P0049,TMS21F2228P0049,2510,1,,1,,,,,,
21.GS.C6.SN.Student2.IB-plant2511-TMS21F2228P0050,TMS21F2228P0050,2511,1,,1,,,,,,
21.GS.C6.SN.Student2.IB-plant2512-TMS21F2228P0051,TMS21F2228P0051,2512,1,,1,,,,,,
21.GS.C6.SN.Student2.IB-plant2513-TMS21F2228P0052,TMS21F2228P0052,2513,1,,1,,,,,,
21.GS.C6.SN.Student2.IB-plant2514-TMS21F2228P0053,TMS21F2228P0053,2514,1,,1,,,,,,
21.GS.C6.SN.Student2.IB-plant2515-TMS21F2228P0054,TMS21F2228P0054,2515,1,,1,,,,,,
21.GS.C6.SN.Student2.IB-plant2516-TMS21F2228P0055,TMS21F2228P0055,2516,1,,1,,,,,,
21.GS.C6.SN.Student2.IB-plant2517-TMS21F2228P0056,TMS21F2228P0056,2517,1,,1,,,,,,
21.GS.C6.SN.Student2.IB-plant2518-TMS21F2228P0057,TMS21F2228P0057,2518,1,,1,,,,,,
21.GS.C6.SN.Student2.IB-plant2519-TMS21F2228P0058,TMS21F2228P0058,2519,1,,1,,,,,,
21.GS.C6.SN.Student2.IB-plant2520-TMS21F2228P0059,TMS21F2228P0059,2520,1,,1,,,,,,
21.GS.C6.SN.Student2.IB-plant2521-TMS21F2228P0060,TMS21F2228P0060,2521,1,,1,,,,,,
21.GS.C6.SN.Student2.IB-plant2522-TMS21F2228P0061,TMS21F2228P0061,2522,1,,1,,,,,,
21.GS.C6.SN.Student2.IB-plant2523-TMS21F2228P0062,TMS21F2228P0062,2523,1,,1,,,,,,
21.GS.C6.SN.Student2.IB-plant2524-TMS21F2228P0063,TMS21F2228P0063,2524,1,,1,,,,,,
21.GS.C6.SN.Student2.IB-plant2525-TMS21F2228P0064,TMS21F2228P0064,2525,1,,1,,,,,,
21.GS.C6.SN.Student2.IB-plant2526-TMS21F2228P0065,TMS21F2228P0065,2526,1,,1,,,,,,
21.GS.C6.SN.Student2.IB-plant2527-TMS21F2228P0066,TMS21F2228P0066,2527,1,,1,,,,,,
21.GS.C6.SN.Student2.IB-plant2528-TMS21F2228P0067,TMS21F2228P0067,2528,1,,1,,,,,,
21.GS.C6.SN.Student2.IB-plant2529-TMS21F2228P0068,TMS21F2228P0068,2529,1,,1,,,,,,
21.GS.C6.SN.Student2.IB-plant2530-TMS21F2228P0069,TMS21F2228P0069,2530,1,,1,,,,,,
21.GS.C6.SN.Student2.IB-plant2531-TMS21F2228P0070,TMS21F2228P0070,2531,1,,1,,,,,,
21.GS.C6.SN.Student2.IB-plant2532-TMS21F2228P0071,TMS21F2228P0071,2532,1,,1,,,,,,
21.GS.C6.SN.Student2.IB-plant2533-TMS21F2228P0072,TMS21F2228P0072,2533,1,,1,,,,,,
21.GS.C6.SN.Student2.IB-plant2534-TMS21F2228P0073,TMS21F2228P0073,2534,1,,1,,,,,,
21.GS.C6.SN.Student2.IB-plant2535-TMS21F2228P0074,TMS21F2228P0074,2535,1,,1,,,,,,
21.GS.C6.SN.Student2.IB-plant2536-TMS21F2228P0075,TMS21F2228P0075,2536,1,,1,,,,,,
21.GS.C6.SN.Student2.IB-plant2537-TMS21F2228P0076,TMS21F2228P0076,2537,1,,1,,,,,,
21.GS.C6.SN.Student2.IB-plant2538-TMS21F2228P0077,TMS21F2228P0077,2538,1,,1,,,,,,
21.GS.C6.SN.Student2.IB-plant2539-TMS21F2228P0078,TMS21F2228P0078,2539,1,,1,,,,,,
21.GS.C6.SN.Student2.IB-plant2540-TMS21F2228P0079,TMS21F2228P0079,2540,1,,1,,,,,,
21.GS.C6.SN.Student2.IB-plant2541-TMS21F2228P0080,TMS21F2228P0080,2541,1,,1,,,,,,
21.GS.C6.SN.Student2.IB-plant2542-TMS21F2228P0081,TMS21F2228P0081,2542,1,,1,,,,,,
21.GS.C6.SN.Student2.IB-plant2543-TMS21F2228P0082,TMS21F2228P0082,2543,1,,1,,,,,,
21.GS.C6.SN.Student2.IB-plant2544-TMS21F2228P0083,TMS21F2228P0083,2544,1,,1,,,,,,
21.GS.C6.SN.Student2.IB-plant2545-TMS21F2228P0084,TMS21F2228P0084,2545,1,,1,,,,,,
21.GS.C6.SN.Student2.IB-plant2546-TMS21F2228P0085,TMS21F2228P0085,2546,1,,1,,,,,,
21.GS.C6.SN.Student2.IB-plant2547-TMS21F2228P0086,TMS21F2228P0086,2547,1,,1,,,,,,
21.GS.C6.SN.Student2.IB-plant2548-TMS21F2228P0087,TMS21F2228P0087,2548,1,,1,,,,,,
21.GS.C6.SN.Student2.IB-plant2549-TMS21F2228P0088,TMS21F2228P0088,2549,1,,1,,,,,,
21.GS.C6.SN.Student2.IB-plant2550-TMS21F2229P0001,TMS21F2229P0001,2550,1,,1,,,,,,
21.GS.C6.SN.Student2.IB-plant2551-TMS21F2229P0002,TMS21F2229P0002,2551,1,,1,,,,,,
21.GS.C6.SN.Student2.IB-plant2552-TMS21F2229P0003,TMS21F2229P0003,2552,1,,1,,,,,,
21.GS.C6.SN.Student2.IB-plant2553-TMS21F2229P0004,TMS21F2229P0004,2553,1,,1,,,,,,
21.GS.C6.SN.Student2.IB-plant2554-TMS21F2229P0005,TMS21F2229P0005,2554,1,,1,,,,,,
21.GS.C6.SN.Student2.IB-plant2555-TMS21F2229P0006,TMS21F2229P0006,2555,1,,1,,,,,,
21.GS.C6.SN.Student2.IB-plant2556-TMS21F2229P0007,TMS21F2229P0007,2556,1,,1,,,,,,
21.GS.C6.SN.Student2.IB-plant2557-TMS21F2229P0008,TMS21F2229P0008,2557,1,,1,,,,,,
21.GS.C6.SN.Student2.IB-plant2558-TMS21F2229P0009,TMS21F2229P0009,2558,1,,1,,,,,,
21.GS.C6.SN.Student2.IB-plant2559-TMS21F2229P0010,TMS21F2229P0010,2559,1,,1,,,,,,
21.GS.C6.SN.Student2.IB-plant2560-TMS21F2229P0011,TMS21F2229P0011,2560,1,,1,,,,,,
21.GS.C6.SN.Student2.IB-plant2561-TMS21F2229P0012,TMS21F2229P0012,2561,1,,1,,,,,,
21.GS.C6.SN.Student2.IB-plant2562-TMS21F2229P0013,TMS21F2229P0013,2562,1,,1,,,,,,
21.GS.C6.SN.Student2.IB-plant2563-TMS21F2229P0014,TMS21F2229P0014,2563,1,,1,,,,,,
21.GS.C6.SN.Student2.IB-plant2564-TMS21F2229P0015,TMS21F2229P0015,2564,1,,1,,,,,,
21.GS.C6.SN.Student2.IB-plant2565-TMS21F2229P0016,TMS21F2229P0016,2565,1,,1,,,,,,
21.GS.C6.SN.Student2.IB-plant2566-TMS21F2229P0017,TMS21F2229P0017,2566,1,,1,,,,,,
21.GS.C6.SN.Student2.IB-plant2567-TMS21F2229P0018,TMS21F2229P0018,2567,1,,1,,,,,,
21.GS.C6.SN.Student2.IB-plant2568-TMS21F2229P0019,TMS21F2229P0019,2568,1,,1,,,,,,
21.GS.C6.SN.Student2.IB-plant2569-TMS21F2229P0020,TMS21F2229P0020,2569,1,,1,,,,,,
21.GS.C6.SN.Student2.IB-plant2570-TMS21F2229P0021,TMS21F2229P0021,2570,1,,1,,,,,,
21.GS.C6.SN.Student2.IB-plant2571-TMS21F2229P0022,TMS21F2229P0022,2571,1,,1,,,,,,
21.GS.C6.SN.Student2.IB-plant2572-TMS21F2229P0023,TMS21F2229P0023,2572,1,,1,,,,,,
21.GS.C6.SN.Student2.IB-plant2573-TMS21F2229P0024,TMS21F2229P0024,2573,1,,1,,,,,,
21.GS.C6.SN.Student2.IB-plant2574-TMS21F2229P0025,TMS21F2229P0025,2574,1,,1,,,,,,
21.GS.C6.SN.Student2.IB-plant2575-TMS21F2229P0026,TMS21F2229P0026,2575,1,,1,,,,,,
21.GS.C6.SN.Student2.IB-plant2576-TMS21F2229P0027,TMS21F2229P0027,2576,1,,1,,,,,,
21.GS.C6.SN.Student2.IB-plant2577-TMS21F2229P0028,TMS21F2229P0028,2577,1,,1,,,,,,
21.GS.C6.SN.Student2.IB-plant2578-TMS21F2229P0029,TMS21F2229P0029,2578,1,,1,,,,,,
21.GS.C6.SN.Student2.IB-plant2579-TMS21F2229P0030,TMS21F2229P0030,2579,1,,1,,,,,,
21.GS.C6.SN.Student2.IB-plant2580-TMS21F2229P0031,TMS21F2229P0031,2580,1,,1,,,,,,
21.GS.C6.SN.Student2.IB-plant2581-TMS21F2229P0032,TMS21F2229P0032,2581,1,,1,,,,,,
21.GS.C6.SN.Student2.IB-plant2582-TMS21F2229P0033,TMS21F2229P0033,2582,1,,1,,,,,,
21.GS.C6.SN.Student2.IB-plant2583-TMS21F2229P0034,TMS21F2229P0034,2583,1,,1,,,,,,
21.GS.C6.SN.Student2.IB-plant2584-TMS21F2229P0035,TMS21F2229P0035,2584,1,,1,,,,,,
21.GS.C6.SN.Student2.IB-plant2585-TMS21F2229P0036,TMS21F2229P0036,2585,1,,1,,,,,,
21.GS.C6.SN.Student2.IB-plant2586-TMS21F2229P0037,TMS21F2229P0037,2586,1,,1,,,,,,
21.GS.C6.SN.Student2.IB-plant2587-TMS21F2229P0038,TMS21F2229P0038,2587,1,,1,,,,,,
21.GS.C6.SN.Student2.IB-plant2588-TMS21F2229P0039,TMS21F2229P0039,2588,1,,1,,,,,,
21.GS.C6.SN.Student2.IB-plant2589-TMS21F2229P0040,TMS21F2229P0040,2589,1,,1,,,,,,
21.GS.C6.SN.Student2.IB-plant2590-TMS21F2229P0041,TMS21F2229P0041,2590,1,,1,,,,,,
21.GS.C6.SN.Student2.IB-plant2591-TMS21F2229P0042,TMS21F2229P0042,2591,1,,1,,,,,,
21.GS.C6.SN.Student2.IB-plant2592-TMS21F2229P0043,TMS21F2229P0043,2592,1,,1,,,,,,
21.GS.C6.SN.Student2.IB-plant2593-TMS21F2229P0044,TMS21F2229P0044,2593,1,,1,,,,,,
21.GS.C6.SN.Student2.IB-plant2594-TMS21F2229P0045,TMS21F2229P0045,2594,1,,1,,,,,,
21.GS.C6.SN.Student2.IB-plant2595-TMS21F2229P0046,TMS21F2229P0046,2595,1,,1,,,,,,
21.GS.C6.SN.Student2.IB-plant2596-TMS21F2229P0047,TMS21F2229P0047,2596,1,,1,,,,,,
21.GS.C6.SN.Student2.IB-plant2597-TMS21F2229P0048,TMS21F2229P0048,2597,1,,1,,,,,,
21.GS.C6.SN.Student2.IB-plant2598-TMS21F2229P0049,TMS21F2229P0049,2598,1,,1,,,,,,
21.GS.C6.SN.Student2.IB-plant2599-TMS21F2229P0050,TMS21F2229P0050,2599,1,,1,,,,,,
21.GS.C6.SN.Student2.IB-plant2600-TMS21F2229P0051,TMS21F2229P0051,2600,1,,1,,,,,,
21.GS.C6.SN.Student2.IB-plant2601-TMS21F2229P0052,TMS21F2229P0052,2601,1,,1,,,,,,
21.GS.C6.SN.Student2.IB-plant2602-TMS21F2229P0053,TMS21F2229P0053,2602,1,,1,,,,,,
21.GS.C6.SN.Student2.IB-plant2603-TMS21F2229P0054,TMS21F2229P0054,2603,1,,1,,,,,,
21.GS.C6.SN.Student2.IB-plant2604-TMS21F2229P0055,TMS21F2229P0055,2604,1,,1,,,,,,
21.GS.C6.SN.Student2.IB-plant2605-TMS21F2229P0056,TMS21F2229P0056,2605,1,,1,,,,,,
21.GS.C6.SN.Student2.IB-plant2606-TMS21F2229P0057,TMS21F2229P0057,2606,1,,1,,,,,,
21.GS.C6.SN.Student2.IB-plant2607-TMS21F2229P0058,TMS21F2229P0058,2607,1,,1,,,,,,
21.GS.C6.SN.Student2.IB-plant2608-TMS21F2229P0059,TMS21F2229P0059,2608,1,,1,,,,,,
21.GS.C6.SN.Student2.IB-plant2609-TMS21F2229P0060,TMS21F2229P0060,2609,1,,1,,,,,,
21.GS.C6.SN.Student2.IB-plant2610-TMS21F2229P0061,TMS21F2229P0061,2610,1,,1,,,,,,
21.GS.C6.SN.Student2.IB-plant2611-TMS21F2229P0062,TMS21F2229P0062,2611,1,,1,,,,,,
21.GS.C6.SN.Student2.IB-plant2612-TMS21F2229P0063,TMS21F2229P0063,2612,1,,1,,,,,,
21.GS.C6.SN.Student2.IB-plant2613-TMS21F2229P0064,TMS21F2229P0064,2613,1,,1,,,,,,
21.GS.C6.SN.Student2.IB-plant2614-TMS21F2229P0065,TMS21F2229P0065,2614,1,,1,,,,,,
21.GS.C6.SN.Student2.IB-plant2615-TMS21F2229P0066,TMS21F2229P0066,2615,1,,1,,,,,,
21.GS.C6.SN.Student2.IB-plant2616-TMS21F2229P0067,TMS21F2229P0067,2616,1,,1,,,,,,
21.GS.C6.SN.Student2.IB-plant2617-TMS21F2229P0068,TMS21F2229P0068,2617,1,,1,,,,,,
21.GS.C6.SN.Student2.IB-plant2618-TMS21F2229P0069,TMS21F2229P0069,2618,1,,1,,,,,,
21.GS.C6.SN.Student2.IB-plant2619-TMS21F2229P0070,TMS21F2229P0070,2619,1,,1,,,,,,
21.GS.C6.SN.Student2.IB-plant2620-TMS21F2229P0071,TMS21F2229P0071,2620,1,,1,,,,,,
21.GS.C6.SN.Student2.IB-plant2621-TMS21F2229P0072,TMS21F2229P0072,2621,1,,1,,,,,,
21.GS.C6.SN.Student2.IB-plant2622-TMS21F2229P0073,TMS21F2229P0073,2622,1,,1,,,,,,
21.GS.C6.SN.Student2.IB-plant2623-TMS21F2229P0074,TMS21F2229P0074,2623,1,,1,,,,,,
21.GS.C6.SN.Student2.IB-plant2624-TMS21F2229P0075,TMS21F2229P0075,2624,1,,1,,,,,,
21.GS.C6.SN.Student2.IB-plant2625-TMS21F2229P0076,TMS21F2229P0076,2625,1,,1,,,,,,
21.GS.C6.SN.Student2.IB-plant2626-TMS21F2229P0077,TMS21F2229P0077,2626,1,,1,,,,,,
21.GS.C6.SN.Student2.IB-plant2627-TMS21F2229P0078,TMS21F2229P0078,2627,1,,1,,,,,,
21.GS.C6.SN.Student2.IB-plant2628-TMS21F2229P0079,TMS21F2229P0079,2628,1,,1,,,,,,
21.GS.C6.SN.Student2.IB-plant2629-TMS21F2229P0080,TMS21F2229P0080,2629,1,,1,,,,,,
21.GS.C6.SN.Student2.IB-plant2630-TMS21F2229P0081,TMS21F2229P0081,2630,1,,1,,,,,,
21.GS.C6.SN.Student2.IB-plant2631-TMS21F2229P0082,TMS21F2229P0082,2631,1,,1,,,,,,
21.GS.C6.SN.Student2.IB-plant2632-TMS21F2229P0083,TMS21F2229P0083,2632,1,,1,,,,,,
21.GS.C6.SN.Student2.IB-plant2633-TMS21F2229P0084,TMS21F2229P0084,2633,1,,1,,,,,,
21.GS.C6.SN.Student2.IB-plant2634-TMS21F2229P0085,TMS21F2229P0085,2634,1,,1,,,,,,
21.GS.C6.SN.Student2.IB-plant2635-TMS21F2229P0086,TMS21F2229P0086,2635,1,,1,,,,,,
21.GS.C6.SN.Student2.IB-plant2636-TMS21F2229P0087,TMS21F2229P0087,2636,1,,1,,,,,,
21.GS.C6.SN.Student2.IB-plant2637-TMS21F2229P0088,TMS21F2229P0088,2637,1,,1,,,,,,
21.GS.C6.SN.Student2.IB-plant2638-TMS21F2229P0089,TMS21F2229P0089,2638,1,,1,,,,,,
21.GS.C6.SN.Student2.IB-plant2639-TMS21F2229P0090,TMS21F2229P0090,2639,1,,1,,,,,,
21.GS.C6.SN.Student2.IB-plant2640-TMS21F2229P0091,TMS21F2229P0091,2640,1,,1,,,,,,
21.GS.C6.SN.Student2.IB-plant2641-TMS21F2229P0092,TMS21F2229P0092,2641,1,,1,,,,,,
21.GS.C6.SN.Student2.IB-plant2642-TMS21F2229P0093,TMS21F2229P0093,2642,1,,1,,,,,,
21.GS.C6.SN.Student2.IB-plant2643-TMS21F2229P0094,TMS21F2229P0094,2643,1,,1,,,,,,
21.GS.C6.SN.Student2.IB-plant2644-TMS21F2229P0095,TMS21F2229P0095,2644,1,,1,,,,,,
21.GS.C6.SN.Student2.IB-plant2645-TMS21F2229P0096,TMS21F2229P0096,2645,1,,1,,,,,,
21.GS.C6.SN.Student2.IB-plant2646-TMS21F2229P0097,TMS21F2229P0097,2646,1,,1,,,,,,
21.GS.C6.SN.Student2.IB-plant2647-TMS21F2229P0098,TMS21F2229P0098,2647,1,,1,,,,,,
21.GS.C6.SN.Student2.IB-plant2648-TMS21F2229P0099,TMS21F2229P0099,2648,1,,1,,,,,,
21.GS.C6.SN.Student2.IB-plant2649-TMS21F2229P0100,TMS21F2229P0100,2649,1,,1,,,,,,
21.GS.C6.SN.Student2.IB-plant2650-TMS21F2230P0001,TMS21F2230P0001,2650,1,,1,,,,,,
21.GS.C6.SN.Student2.IB-plant2651-TMS21F2230P0002,TMS21F2230P0002,2651,1,,1,,,,,,
21.GS.C6.SN.Student2.IB-plant2652-TMS21F2230P0003,TMS21F2230P0003,2652,1,,1,,,,,,
21.GS.C6.SN.Student2.IB-plant2653-TMS21F2230P0004,TMS21F2230P0004,2653,1,,1,,,,,,
21.GS.C6.SN.Student2.IB-plant2654-TMS21F2230P0005,TMS21F2230P0005,2654,1,,1,,,,,,
21.GS.C6.SN.Student2.IB-plant2655-TMS21F2230P0006,TMS21F2230P0006,2655,1,,1,,,,,,
21.GS.C6.SN.Student2.IB-plant2656-TMS21F2230P0007,TMS21F2230P0007,2656,1,,1,,,,,,
21.GS.C6.SN.Student2.IB-plant2657-TMS21F2230P0008,TMS21F2230P0008,2657,1,,1,,,,,,
21.GS.C6.SN.Student2.IB-plant2658-TMS21F2230P0009,TMS21F2230P0009,2658,1,,1,,,,,,
21.GS.C6.SN.Student2.IB-plant2659-TMS21F2230P0010,TMS21F2230P0010,2659,1,,1,,,,,,
21.GS.C6.SN.Student2.IB-plant2660-TMS21F2230P0011,TMS21F2230P0011,2660,1,,1,,,,,,
21.GS.C6.SN.Student2.IB-plant2661-TMS21F2230P0012,TMS21F2230P0012,2661,1,,1,,,,,,
21.GS.C6.SN.Student2.IB-plant2662-TMS21F2230P0013,TMS21F2230P0013,2662,1,,1,,,,,,
21.GS.C6.SN.Student2.IB-plant2663-TMS21F2230P0014,TMS21F2230P0014,2663,1,,1,,,,,,
21.GS.C6.SN.Student2.IB-plant2664-TMS21F2230P0015,TMS21F2230P0015,2664,1,,1,,,,,,
21.GS.C6.SN.Student2.IB-plant2665-TMS21F2230P0016,TMS21F2230P0016,2665,1,,1,,,,,,
21.GS.C6.SN.Student2.IB-plant2666-TMS21F2230P0017,TMS21F2230P0017,2666,1,,1,,,,,,
21.GS.C6.SN.Student2.IB-plant2667-TMS21F2230P0018,TMS21F2230P0018,2667,1,,1,,,,,,
21.GS.C6.SN.Student2.IB-plant2668-TMS21F2230P0019,TMS21F2230P0019,2668,1,,1,,,,,,
21.GS.C6.SN.Student2.IB-plant2669-TMS21F2230P0020,TMS21F2230P0020,2669,1,,1,,,,,,
21.GS.C6.SN.Student2.IB-plant2670-TMS21F2230P0021,TMS21F2230P0021,2670,1,,1,,,,,,
21.GS.C6.SN.Student2.IB-plant2671-TMS21F2230P0022,TMS21F2230P0022,2671,1,,1,,,,,,
21.GS.C6.SN.Student2.IB-plant2672-TMS21F2230P0023,TMS21F2230P0023,2672,1,,1,,,,,,
21.GS.C6.SN.Student2.IB-plant2673-TMS21F2230P0024,TMS21F2230P0024,2673,1,,1,,,,,,
21.GS.C6.SN.Student2.IB-plant2674-TMS21F2230P0025,TMS21F2230P0025,2674,1,,1,,,,,,
21.GS.C6.SN.Student2.IB-plant2675-TMS21F2230P0026,TMS21F2230P0026,2675,1,,1,,,,,,
21.GS.C6.SN.Student2.IB-plant2676-TMS21F2230P0027,TMS21F2230P0027,2676,1,,1,,,,,,
21.GS.C6.SN.Student2.IB-plant2677-TMS21F2230P0028,TMS21F2230P0028,2677,1,,1,,,,,,
21.GS.C6.SN.Student2.IB-plant2678-TMS21F2230P0029,TMS21F2230P0029,2678,1,,1,,,,,,
21.GS.C6.SN.Student2.IB-plant2679-TMS21F2230P0030,TMS21F2230P0030,2679,1,,1,,,,,,
21.GS.C6.SN.Student2.IB-plant2680-TMS21F2230P0031,TMS21F2230P0031,2680,1,,1,,,,,,
21.GS.C6.SN.Student2.IB-plant2681-TMS21F2230P0032,TMS21F2230P0032,2681,1,,1,,,,,,
21.GS.C6.SN.Student2.IB-plant2682-TMS21F2230P0033,TMS21F2230P0033,2682,1,,1,,,,,,
21.GS.C6.SN.Student2.IB-plant2683-TMS21F2230P0034,TMS21F2230P0034,2683,1,,1,,,,,,
21.GS.C6.SN.Student2.IB-plant2684-TMS21F2230P0035,TMS21F2230P0035,2684,1,,1,,,,,,
21.GS.C6.SN.Student2.IB-plant2685-TMS21F2230P0036,TMS21F2230P0036,2685,1,,1,,,,,,
21.GS.C6.SN.Student2.IB-plant2686-TMS21F2230P0037,TMS21F2230P0037,2686,1,,1,,,,,,
21.GS.C6.SN.Student2.IB-plant2687-TMS21F2230P0038,TMS21F2230P0038,2687,1,,1,,,,,,
21.GS.C6.SN.Student2.IB-plant2688-TMS21F2230P0039,TMS21F2230P0039,2688,1,,1,,,,,,
21.GS.C6.SN.Student2.IB-plant2689-TMS21F2230P0040,TMS21F2230P0040,2689,1,,1,,,,,,
21.GS.C6.SN.Student2.IB-plant2690-TMS21F2230P0041,TMS21F2230P0041,2690,1,,1,,,,,,
21.GS.C6.SN.Student2.IB-plant2691-TMS21F2230P0042,TMS21F2230P0042,2691,1,,1,,,,,,
21.GS.C6.SN.Student2.IB-plant2692-TMS21F2230P0043,TMS21F2230P0043,2692,1,,1,,,,,,
21.GS.C6.SN.Student2.IB-plant2693-TMS21F2230P0044,TMS21F2230P0044,2693,1,,1,,,,,,
21.GS.C6.SN.Student2.IB-plant2694-TMS21F2230P0045,TMS21F2230P0045,2694,1,,1,,,,,,
21.GS.C6.SN.Student2.IB-plant2695-TMS21F2230P0046,TMS21F2230P0046,2695,1,,1,,,,,,
21.GS.C6.SN.Student2.IB-plant2696-TMS21F2230P0047,TMS21F2230P0047,2696,1,,1,,,,,,
21.GS.C6.SN.Student2.IB-plant2697-TMS21F2230P0048,TMS21F2230P0048,2697,1,,1,,,,,,
21.GS.C6.SN.Student2.IB-plant2698-TMS21F2230P0049,TMS21F2230P0049,2698,1,,1,,,,,,
21.GS.C6.SN.Student2.IB-plant2699-TMS21F2230P0050,TMS21F2230P0050,2699,1,,1,,,,,,
21.GS.C6.SN.Student2.IB-plant2700-TMS21F2230P0051,TMS21F2230P0051,2700,1,,1,,,,,,
21.GS.C6.SN.Student2.IB-plant2701-TMS21F2230P0052,TMS21F2230P0052,2701,1,,1,,,,,,
21.GS.C6.SN.Student2.IB-plant2702-TMS21F2230P0053,TMS21F2230P0053,2702,1,,1,,,,,,
21.GS.C6.SN.Student2.IB-plant2703-TMS21F2230P0054,TMS21F2230P0054,2703,1,,1,,,,,,
21.GS.C6.SN.Student2.IB-plant2704-TMS21F2230P0055,TMS21F2230P0055,2704,1,,1,,,,,,
21.GS.C6.SN.Student2.IB-plant2705-TMS21F2230P0056,TMS21F2230P0056,2705,1,,1,,,,,,
21.GS.C6.SN.Student2.IB-plant2706-TMS21F2230P0057,TMS21F2230P0057,2706,1,,1,,,,,,
21.GS.C6.SN.Student2.IB-plant2707-TMS21F2230P0058,TMS21F2230P0058,2707,1,,1,,,,,,
21.GS.C6.SN.Student2.IB-plant2708-TMS21F2230P0059,TMS21F2230P0059,2708,1,,1,,,,,,
21.GS.C6.SN.Student2.IB-plant2709-TMS21F2230P0060,TMS21F2230P0060,2709,1,,1,,,,,,
21.GS.C6.SN.Student2.IB-plant2710-TMS21F2230P0061,TMS21F2230P0061,2710,1,,1,,,,,,
21.GS.C6.SN.Student2.IB-plant2711-TMS21F2230P0062,TMS21F2230P0062,2711,1,,1,,,,,,
21.GS.C6.SN.Student2.IB-plant2712-TMS21F2230P0063,TMS21F2230P0063,2712,1,,1,,,,,,
21.GS.C6.SN.Student2.IB-plant2713-TMS21F2230P0064,TMS21F2230P0064,2713,1,,1,,,,,,
21.GS.C6.SN.Student2.IB-plant2714-TMS21F2230P0065,TMS21F2230P0065,2714,1,,1,,,,,,
21.GS.C6.SN.Student2.IB-plant2715-TMS21F2230P0066,TMS21F2230P0066,2715,1,,1,,,,,,
21.GS.C6.SN.Student2.IB-plant2716-TMS21F2230P0067,TMS21F2230P0067,2716,1,,1,,,,,,
21.GS.C6.SN.Student2.IB-plant2717-TMS21F2230P0068,TMS21F2230P0068,2717,1,,1,,,,,,
21.GS.C6.SN.Student2.IB-plant2718-TMS21F2230P0069,TMS21F2230P0069,2718,1,,1,,,,,,
21.GS.C6.SN.Student2.IB-plant2719-TMS21F2231P0001,TMS21F2231P0001,2719,1,,1,,,,,,
21.GS.C6.SN.Student2.IB-plant2720-TMS21F2231P0002,TMS21F2231P0002,2720,1,,1,,,,,,
21.GS.C6.SN.Student2.IB-plant2721-TMS21F2231P0003,TMS21F2231P0003,2721,1,,1,,,,,,
21.GS.C6.SN.Student2.IB-plant2722-TMS21F2231P0004,TMS21F2231P0004,2722,1,,1,,,,,,
21.GS.C6.SN.Student2.IB-plant2723-TMS21F2231P0005,TMS21F2231P0005,2723,1,,1,,,,,,
21.GS.C6.SN.Student2.IB-plant2724-TMS21F2231P0006,TMS21F2231P0006,2724,1,,1,,,,,,
21.GS.C6.SN.Student2.IB-plant2725-TMS21F2231P0007,TMS21F2231P0007,2725,1,,1,,,,,,
21.GS.C6.SN.Student2.IB-plant2726-TMS21F2231P0008,TMS21F2231P0008,2726,1,,1,,,,,,
21.GS.C6.SN.Student2.IB-plant2727-TMS21F2231P0009,TMS21F2231P0009,2727,1,,1,,,,,,
21.GS.C6.SN.Student2.IB-plant2728-TMS21F2231P0010,TMS21F2231P0010,2728,1,,1,,,,,,
21.GS.C6.SN.Student2.IB-plant2729-TMS21F2231P0011,TMS21F2231P0011,2729,1,,1,,,,,,
21.GS.C6.SN.Student2.IB-plant2730-TMS21F2231P0012,TMS21F2231P0012,2730,1,,1,,,,,,
21.GS.C6.SN.Student2.IB-plant2731-TMS21F2231P0013,TMS21F2231P0013,2731,1,,1,,,,,,
21.GS.C6.SN.Student2.IB-plant2732-TMS21F2231P0014,TMS21F2231P0014,2732,1,,1,,,,,,
21.GS.C6.SN.Student2.IB-plant2733-TMS21F2231P0015,TMS21F2231P0015,2733,1,,1,,,,,,
21.GS.C6.SN.Student2.IB-plant2734-TMS21F2231P0016,TMS21F2231P0016,2734,1,,1,,,,,,
21.GS.C6.SN.Student2.IB-plant2735-TMS21F2231P0017,TMS21F2231P0017,2735,1,,1,,,,,,
21.GS.C6.SN.Student2.IB-plant2736-TMS21F2231P0018,TMS21F2231P0018,2736,1,,1,,,,,,
21.GS.C6.SN.Student2.IB-plant2737-TMS21F2231P0019,TMS21F2231P0019,2737,1,,1,,,,,,
21.GS.C6.SN.Student2.IB-plant2738-TMS21F2231P0020,TMS21F2231P0020,2738,1,,1,,,,,,
21.GS.C6.SN.Student2.IB-plant2739-TMS21F2231P0021,TMS21F2231P0021,2739,1,,1,,,,,,
21.GS.C6.SN.Student2.IB-plant2740-TMS21F2231P0022,TMS21F2231P0022,2740,1,,1,,,,,,
21.GS.C6.SN.Student2.IB-plant2741-TMS21F2231P0023,TMS21F2231P0023,2741,1,,1,,,,,,
21.GS.C6.SN.Student2.IB-plant2742-TMS21F2231P0024,TMS21F2231P0024,2742,1,,1,,,,,,
21.GS.C6.SN.Student2.IB-plant2743-TMS21F2231P0025,TMS21F2231P0025,2743,1,,1,,,,,,
21.GS.C6.SN.Student2.IB-plant2744-TMS21F2231P0026,TMS21F2231P0026,2744,1,,1,,,,,,
21.GS.C6.SN.Student2.IB-plant2745-TMS21F2231P0027,TMS21F2231P0027,2745,1,,1,,,,,,
21.GS.C6.SN.Student2.IB-plant2746-TMS21F2231P0028,TMS21F2231P0028,2746,1,,1,,,,,,
21.GS.C6.SN.Student2.IB-plant2747-TMS21F2231P0029,TMS21F2231P0029,2747,1,,1,,,,,,
21.GS.C6.SN.Student2.IB-plant2748-TMS21F2231P0030,TMS21F2231P0030,2748,1,,1,,,,,,
21.GS.C6.SN.Student2.IB-plant2749-TMS21F2231P0031,TMS21F2231P0031,2749,1,,1,,,,,,
21.GS.C6.SN.Student2.IB-plant2750-TMS21F2231P0032,TMS21F2231P0032,2750,1,,1,,,,,,
21.GS.C6.SN.Student2.IB-plant2751-TMS21F2231P0033,TMS21F2231P0033,2751,1,,1,,,,,,
21.GS.C6.SN.Student2.IB-plant2752-TMS21F2231P0034,TMS21F2231P0034,2752,1,,1,,,,,,
21.GS.C6.SN.Student2.IB-plant2753-TMS21F2231P0035,TMS21F2231P0035,2753,1,,1,,,,,,
21.GS.C6.SN.Student2.IB-plant2754-TMS21F2231P0036,TMS21F2231P0036,2754,1,,1,,,,,,
21.GS.C6.SN.Student2.IB-plant2755-TMS21F2231P0037,TMS21F2231P0037,2755,1,,1,,,,,,
21.GS.C6.SN.Student2.IB-plant2756-TMS21F2231P0038,TMS21F2231P0038,2756,1,,1,,,,,,
21.GS.C6.SN.Student2.IB-plant2757-TMS21F2231P0039,TMS21F2231P0039,2757,1,,1,,,,,,
21.GS.C6.SN.Student2.IB-plant2758-TMS21F2231P0040,TMS21F2231P0040,2758,1,,1,,,,,,
21.GS.C6.SN.Student2.IB-plant2759-TMS21F2231P0041,TMS21F2231P0041,2759,1,,1,,,,,,
21.GS.C6.SN.Student2.IB-plant2760-TMS21F2231P0042,TMS21F2231P0042,2760,1,,1,,,,,,
21.GS.C6.SN.Student2.IB-plant2761-TMS21F2231P0043,TMS21F2231P0043,2761,1,,1,,,,,,
21.GS.C6.SN.Student2.IB-plant2762-TMS21F2231P0044,TMS21F2231P0044,2762,1,,1,,,,,,
21.GS.C6.SN.Student2.IB-plant2763-TMS21F2231P0045,TMS21F2231P0045,2763,1,,1,,,,,,
21.GS.C6.SN.Student2.IB-plant2764-TMS21F2231P0046,TMS21F2231P0046,2764,1,,1,,,,,,
21.GS.C6.SN.Student2.IB-plant2765-TMS21F2231P0047,TMS21F2231P0047,2765,1,,1,,,,,,
21.GS.C6.SN.Student2.IB-plant2766-TMS21F2231P0048,TMS21F2231P0048,2766,1,,1,,,,,,
21.GS.C6.SN.Student2.IB-plant2767-TMS21F2231P0049,TMS21F2231P0049,2767,1,,1,,,,,,
21.GS.C6.SN.Student2.IB-plant2768-TMS21F2231P0050,TMS21F2231P0050,2768,1,,1,,,,,,
21.GS.C6.SN.Student2.IB-plant2769-TMS21F2231P0051,TMS21F2231P0051,2769,1,,1,,,,,,
21.GS.C6.SN.Student2.IB-plant2770-TMS21F2231P0052,TMS21F2231P0052,2770,1,,1,,,,,,
21.GS.C6.SN.Student2.IB-plant2771-TMS21F2231P0053,TMS21F2231P0053,2771,1,,1,,,,,,
21.GS.C6.SN.Student2.IB-plant2772-TMS21F2231P0054,TMS21F2231P0054,2772,1,,1,,,,,,
21.GS.C6.SN.Student2.IB-plant2773-TMS21F2231P0055,TMS21F2231P0055,2773,1,,1,,,,,,
21.GS.C6.SN.Student2.IB-plant2774-TMS21F2231P0056,TMS21F2231P0056,2774,1,,1,,,,,,
21.GS.C6.SN.Student2.IB-plant2775-TMS21F2231P0057,TMS21F2231P0057,2775,1,,1,,,,,,
21.GS.C6.SN.Student2.IB-plant2776-TMS21F2231P0058,TMS21F2231P0058,2776,1,,1,,,,,,
21.GS.C6.SN.Student2.IB-plant2777-TMS21F2231P0059,TMS21F2231P0059,2777,1,,1,,,,,,
21.GS.C6.SN.Student2.IB-plant2778-TMS21F2231P0060,TMS21F2231P0060,2778,1,,1,,,,,,
21.GS.C6.SN.Student2.IB-plant2779-TMS21F2231P0061,TMS21F2231P0061,2779,1,,1,,,,,,
21.GS.C6.SN.Student2.IB-plant2780-TMS21F2231P0062,TMS21F2231P0062,2780,1,,1,,,,,,
21.GS.C6.SN.Student2.IB-plant2781-TMS21F2231P0063,TMS21F2231P0063,2781,1,,1,,,,,,
21.GS.C6.SN.Student2.IB-plant2782-TMS21F2231P0064,TMS21F2231P0064,2782,1,,1,,,,,,
21.GS.C6.SN.Student2.IB-plant2783-TMS21F2231P0065,TMS21F2231P0065,2783,1,,1,,,,,,
21.GS.C6.SN.Student2.IB-plant2784-TMS21F2231P0066,TMS21F2231P0066,2784,1,,1,,,,,,
21.GS.C6.SN.Student2.IB-plant2785-TMS21F2231P0067,TMS21F2231P0067,2785,1,,1,,,,,,
21.GS.C6.SN.Student2.IB-plant2786-TMS21F2231P0068,TMS21F2231P0068,2786,1,,1,,,,,,
21.GS.C6.SN.Student2.IB-plant2787-TMS21F2231P0069,TMS21F2231P0069,2787,1,,1,,,,,,
21.GS.C6.SN.Student2.IB-plant2788-TMS21F2231P0070,TMS21F2231P0070,2788,1,,1,,,,,,
21.GS.C6.SN.Student2.IB-plant2789-TMS21F2231P0071,TMS21F2231P0071,2789,1,,1,,,,,,
21.GS.C6.SN.Student2.IB-plant2790-TMS21F2231P0072,TMS21F2231P0072,2790,1,,1,,,,,,
21.GS.C6.SN.Student2.IB-plant2791-TMS21F2231P0073,TMS21F2231P0073,2791,1,,1,,,,,,
21.GS.C6.SN.Student2.IB-plant2792-TMS21F2231P0074,TMS21F2231P0074,2792,1,,1,,,,,,
21.GS.C6.SN.Student2.IB-plant2793-TMS21F2231P0075,TMS21F2231P0075,2793,1,,1,,,,,,
21.GS.C6.SN.Student2.IB-plant2794-TMS21F2231P0076,TMS21F2231P0076,2794,1,,1,,,,,,
21.GS.C6.SN.Student2.IB-plant2795-TMS21F2231P0077,TMS21F2231P0077,2795,1,,1,,,,,,
21.GS.C6.SN.Student2.IB-plant2796-TMS21F2231P0078,TMS21F2231P0078,2796,1,,1,,,,,,
21.GS.C6.SN.Student2.IB-plant2797-TMS21F2231P0079,TMS21F2231P0079,2797,1,,1,,,,,,
21.GS.C6.SN.Student2.IB-plant2798-TMS21F2231P0080,TMS21F2231P0080,2798,1,,1,,,,,,
21.GS.C6.SN.Student2.IB-plant2799-TMS21F2231P0081,TMS21F2231P0081,2799,1,,1,,,,,,
21.GS.C6.SN.Student2.IB-plant2800-TMS21F2231P0082,TMS21F2231P0082,2800,1,,1,,,,,,
21.GS.C6.SN.Student2.IB-plant2801-TMS21F2231P0083,TMS21F2231P0083,2801,1,,1,,,,,,
21.GS.C6.SN.Student2.IB-plant2802-TMS21F2231P0084,TMS21F2231P0084,2802,1,,1,,,,,,
21.GS.C6.SN.Student2.IB-plant2803-TMS21F2231P0085,TMS21F2231P0085,2803,1,,1,,,,,,
21.GS.C6.SN.Student2.IB-plant2804-TMS21F2231P0086,TMS21F2231P0086,2804,1,,1,,,,,,
21.GS.C6.SN.Student2.IB-plant2805-TMS21F2231P0087,TMS21F2231P0087,2805,1,,1,,,,,,
21.GS.C6.SN.Student2.IB-plant2806-TMS21F2231P0088,TMS21F2231P0088,2806,1,,1,,,,,,
21.GS.C6.SN.Student2.IB-plant2807-TMS21F2231P0089,TMS21F2231P0089,2807,1,,1,,,,,,
21.GS.C6.SN.Student2.IB-plant2808-TMS21F2231P0090,TMS21F2231P0090,2808,1,,1,,,,,,
21.GS.C6.SN.Student2.IB-plant2809-TMS21F2231P0091,TMS21F2231P0091,2809,1,,1,,,,,,
21.GS.C6.SN.Student2.IB-plant2810-TMS21F2231P0092,TMS21F2231P0092,2810,1,,1,,,,,,
21.GS.C6.SN.Student2.IB-plant2811-TMS21F2231P0093,TMS21F2231P0093,2811,1,,1,,,,,,
21.GS.C6.SN.Student2.IB-plant2812-TMS21F2231P0094,TMS21F2231P0094,2812,1,,1,,,,,,
21.GS.C6.SN.Student2.IB-plant2813-TMS21F2232P0001,TMS21F2232P0001,2813,1,,1,,,,,,
21.GS.C6.SN.Student2.IB-plant2814-TMS21F2232P0002,TMS21F2232P0002,2814,1,,1,,,,,,
21.GS.C6.SN.Student2.IB-plant2815-TMS21F2232P0003,TMS21F2232P0003,2815,1,,1,,,,,,
21.GS.C6.SN.Student2.IB-plant2816-TMS21F2232P0004,TMS21F2232P0004,2816,1,,1,,,,,,
21.GS.C6.SN.Student2.IB-plant2817-TMS21F2232P0005,TMS21F2232P0005,2817,1,,1,,,,,,
21.GS.C6.SN.Student2.IB-plant2818-TMS21F2232P0006,TMS21F2232P0006,2818,1,,1,,,,,,
21.GS.C6.SN.Student2.IB-plant2819-TMS21F2232P0007,TMS21F2232P0007,2819,1,,1,,,,,,
21.GS.C6.SN.Student2.IB-plant2820-TMS21F2232P0008,TMS21F2232P0008,2820,1,,1,,,,,,
21.GS.C6.SN.Student2.IB-plant2821-TMS21F2232P0009,TMS21F2232P0009,2821,1,,1,,,,,,
21.GS.C6.SN.Student2.IB-plant2822-TMS21F2232P0010,TMS21F2232P0010,2822,1,,1,,,,,,
21.GS.C6.SN.Student2.IB-plant2823-TMS21F2232P0011,TMS21F2232P0011,2823,1,,1,,,,,,
21.GS.C6.SN.Student2.IB-plant2824-TMS21F2232P0012,TMS21F2232P0012,2824,1,,1,,,,,,
21.GS.C6.SN.Student2.IB-plant2825-TMS21F2232P0013,TMS21F2232P0013,2825,1,,1,,,,,,
21.GS.C6.SN.Student2.IB-plant2826-TMS21F2232P0014,TMS21F2232P0014,2826,1,,1,,,,,,
21.GS.C6.SN.Student2.IB-plant2827-TMS21F2232P0015,TMS21F2232P0015,2827,1,,1,,,,,,
21.GS.C6.SN.Student2.IB-plant2828-TMS21F2232P0016,TMS21F2232P0016,2828,1,,1,,,,,,
21.GS.C6.SN.Student2.IB-plant2829-TMS21F2232P0017,TMS21F2232P0017,2829,1,,1,,,,,,
21.GS.C6.SN.Student2.IB-plant2830-TMS21F2232P0018,TMS21F2232P0018,2830,1,,1,,,,,,
21.GS.C6.SN.Student2.IB-plant2831-TMS21F2232P0019,TMS21F2232P0019,2831,1,,1,,,,,,
21.GS.C6.SN.Student2.IB-plant2832-TMS21F2232P0020,TMS21F2232P0020,2832,1,,1,,,,,,
21.GS.C6.SN.Student2.IB-plant2833-TMS21F2232P0021,TMS21F2232P0021,2833,1,,1,,,,,,
21.GS.C6.SN.Student2.IB-plant2834-TMS21F2232P0022,TMS21F2232P0022,2834,1,,1,,,,,,
21.GS.C6.SN.Student2.IB-plant2835-TMS21F2232P0023,TMS21F2232P0023,2835,1,,1,,,,,,
21.GS.C6.SN.Student2.IB-plant2836-TMS21F2232P0024,TMS21F2232P0024,2836,1,,1,,,,,,
21.GS.C6.SN.Student2.IB-plant2837-TMS21F2232P0025,TMS21F2232P0025,2837,1,,1,,,,,,
21.GS.C6.SN.Student2.IB-plant2838-TMS21F2232P0026,TMS21F2232P0026,2838,1,,1,,,,,,
21.GS.C6.SN.Student2.IB-plant2839-TMS21F2232P0027,TMS21F2232P0027,2839,1,,1,,,,,,
21.GS.C6.SN.Student2.IB-plant2840-TMS21F2232P0028,TMS21F2232P0028,2840,1,,1,,,,,,
21.GS.C6.SN.Student2.IB-plant2841-TMS21F2232P0029,TMS21F2232P0029,2841,1,,1,,,,,,
21.GS.C6.SN.Student2.IB-plant2842-TMS21F2232P0030,TMS21F2232P0030,2842,1,,1,,,,,,
21.GS.C6.SN.Student2.IB-plant2843-TMS21F2232P0031,TMS21F2232P0031,2843,1,,1,,,,,,
21.GS.C6.SN.Student2.IB-plant2844-TMS21F2232P0032,TMS21F2232P0032,2844,1,,1,,,,,,
21.GS.C6.SN.Student2.IB-plant2845-TMS21F2232P0033,TMS21F2232P0033,2845,1,,1,,,,,,
21.GS.C6.SN.Student2.IB-plant2846-TMS21F2232P0034,TMS21F2232P0034,2846,1,,1,,,,,,
21.GS.C6.SN.Student2.IB-plant2847-TMS21F2232P0035,TMS21F2232P0035,2847,1,,1,,,,,,
21.GS.C6.SN.Student2.IB-plant2848-TMS21F2232P0036,TMS21F2232P0036,2848,1,,1,,,,,,
21.GS.C6.SN.Student2.IB-plant2849-TMS21F2232P0037,TMS21F2232P0037,2849,1,,1,,,,,,
21.GS.C6.SN.Student2.IB-plant2850-TMS21F2232P0038,TMS21F2232P0038,2850,1,,1,,,,,,
21.GS.C6.SN.Student2.IB-plant2851-TMS21F2232P0039,TMS21F2232P0039,2851,1,,1,,,,,,
21.GS.C6.SN.Student2.IB-plant2852-TMS21F2232P0040,TMS21F2232P0040,2852,1,,1,,,,,,
21.GS.C6.SN.Student2.IB-plant2853-TMS21F2232P0041,TMS21F2232P0041,2853,1,,1,,,,,,
21.GS.C6.SN.Student2.IB-plant2854-TMS21F2232P0042,TMS21F2232P0042,2854,1,,1,,,,,,
21.GS.C6.SN.Student2.IB-plant2855-TMS21F2232P0043,TMS21F2232P0043,2855,1,,1,,,,,,
21.GS.C6.SN.Student2.IB-plant2856-TMS21F2232P0044,TMS21F2232P0044,2856,1,,1,,,,,,
21.GS.C6.SN.Student2.IB-plant2857-TMS21F2232P0045,TMS21F2232P0045,2857,1,,1,,,,,,
21.GS.C6.SN.Student2.IB-plant2858-TMS21F2232P0046,TMS21F2232P0046,2858,1,,1,,,,,,
21.GS.C6.SN.Student2.IB-plant2859-TMS21F2232P0047,TMS21F2232P0047,2859,1,,1,,,,,,
21.GS.C6.SN.Student2.IB-plant2860-TMS21F2232P0048,TMS21F2232P0048,2860,1,,1,,,,,,
21.GS.C6.SN.Student2.IB-plant2861-TMS21F2232P0049,TMS21F2232P0049,2861,1,,1,,,,,,
21.GS.C6.SN.Student2.IB-plant2862-TMS21F2232P0050,TMS21F2232P0050,2862,1,,1,,,,,,
21.GS.C6.SN.Student2.IB-plant2863-TMS21F2232P0051,TMS21F2232P0051,2863,1,,1,,,,,,
21.GS.C6.SN.Student2.IB-plant2864-TMS21F2232P0052,TMS21F2232P0052,2864,1,,1,,,,,,
21.GS.C6.SN.Student2.IB-plant2865-TMS21F2232P0053,TMS21F2232P0053,2865,1,,1,,,,,,
21.GS.C6.SN.Student2.IB-plant2866-TMS21F2232P0054,TMS21F2232P0054,2866,1,,1,,,,,,
21.GS.C6.SN.Student2.IB-plant2867-TMS21F2232P0055,TMS21F2232P0055,2867,1,,1,,,,,,
21.GS.C6.SN.Student2.IB-plant2868-TMS21F2232P0056,TMS21F2232P0056,2868,1,,1,,,,,,
21.GS.C6.SN.Student2.IB-plant2869-TMS21F2232P0057,TMS21F2232P0057,2869,1,,1,,,,,,
21.GS.C6.SN.Student2.IB-plant2870-TMS21F2232P0058,TMS21F2232P0058,2870,1,,1,,,,,,
21.GS.C6.SN.Student2.IB-plant2871-TMS21F2232P0059,TMS21F2232P0059,2871,1,,1,,,,,,
21.GS.C6.SN.Student2.IB-plant2872-TMS21F2232P0060,TMS21F2232P0060,2872,1,,1,,,,,,
21.GS.C6.SN.Student2.IB-plant2873-TMS21F2232P0061,TMS21F2232P0061,2873,1,,1,,,,,,
21.GS.C6.SN.Student2.IB-plant2874-TMS21F2232P0062,TMS21F2232P0062,2874,1,,1,,,,,,
21.GS.C6.SN.Student2.IB-plant2875-TMS21F2232P0063,TMS21F2232P0063,2875,1,,1,,,,,,
21.GS.C6.SN.Student2.IB-plant2876-TMS21F2232P0064,TMS21F2232P0064,2876,1,,1,,,,,,
21.GS.C6.SN.Student2.IB-plant2877-TMS21F2232P0065,TMS21F2232P0065,2877,1,,1,,,,,,
21.GS.C6.SN.Student2.IB-plant2878-TMS21F2232P0066,TMS21F2232P0066,2878,1,,1,,,,,,
21.GS.C6.SN.Student2.IB-plant2879-TMS21F2232P0067,TMS21F2232P0067,2879,1,,1,,,,,,
21.GS.C6.SN.Student2.IB-plant2880-TMS21F2232P0068,TMS21F2232P0068,2880,1,,1,,,,,,
21.GS.C6.SN.Student2.IB-plant2881-TMS21F2232P0069,TMS21F2232P0069,2881,1,,1,,,,,,
21.GS.C6.SN.Student2.IB-plant2882-TMS21F2232P0070,TMS21F2232P0070,2882,1,,1,,,,,,
21.GS.C6.SN.Student2.IB-plant2883-TMS21F2232P0071,TMS21F2232P0071,2883,1,,1,,,,,,
21.GS.C6.SN.Student2.IB-plant2884-TMS21F2232P0072,TMS21F2232P0072,2884,1,,1,,,,,,
21.GS.C6.SN.Student2.IB-plant2885-TMS21F2232P0073,TMS21F2232P0073,2885,1,,1,,,,,,
21.GS.C6.SN.Student2.IB-plant2886-TMS21F2232P0074,TMS21F2232P0074,2886,1,,1,,,,,,
21.GS.C6.SN.Student2.IB-plant2887-TMS21F2232P0075,TMS21F2232P0075,2887,1,,1,,,,,,
21.GS.C6.SN.Student2.IB-plant2888-TMS21F2232P0076,TMS21F2232P0076,2888,1,,1,,,,,,
21.GS.C6.SN.Student2.IB-plant2889-TMS21F2232P0077,TMS21F2232P0077,2889,1,,1,,,,,,
21.GS.C6.SN.Student2.IB-plant2890-TMS21F2232P0078,TMS21F2232P0078,2890,1,,1,,,,,,
21.GS.C6.SN.Student2.IB-plant2891-TMS21F2232P0079,TMS21F2232P0079,2891,1,,1,,,,,,
21.GS.C6.SN.Student2.IB-plant2892-TMS21F2232P0080,TMS21F2232P0080,2892,1,,1,,,,,,
21.GS.C6.SN.Student2.IB-plant2893-TMS21F2232P0081,TMS21F2232P0081,2893,1,,1,,,,,,
21.GS.C6.SN.Student2.IB-plant2894-TMS21F2232P0082,TMS21F2232P0082,2894,1,,1,,,,,,
21.GS.C6.SN.Student2.IB-plant2895-TMS21F2232P0083,TMS21F2232P0083,2895,1,,1,,,,,,
21.GS.C6.SN.Student2.IB-plant2896-TMS21F2232P0084,TMS21F2232P0084,2896,1,,1,,,,,,
21.GS.C6.SN.Student2.IB-plant2897-TMS21F2232P0085,TMS21F2232P0085,2897,1,,1,,,,,,
21.GS.C6.SN.Student2.IB-plant2898-TMS21F2232P0086,TMS21F2232P0086,2898,1,,1,,,,,,
21.GS.C6.SN.Student2.IB-plant2899-TMS21F2232P0087,TMS21F2232P0087,2899,1,,1,,,,,,
21.GS.C6.SN.Student2.IB-plant2900-TMS21F2232P0088,TMS21F2232P0088,2900,1,,1,,,,,,
21.GS.C6.SN.Student2.IB-plant2901-TMS21F2232P0089,TMS21F2232P0089,2901,1,,1,,,,,,
21.GS.C6.SN.Student2.IB-plant2902-TMS21F2232P0090,TMS21F2232P0090,2902,1,,1,,,,,,
21.GS.C6.SN.Student2.IB-plant2903-TMS21F2232P0091,TMS21F2232P0091,2903,1,,1,,,,,,
21.GS.C6.SN.Student2.IB-plant2904-TMS21F2232P0092,TMS21F2232P0092,2904,1,,1,,,,,,
21.GS.C6.SN.Student2.IB-plant2905-TMS21F2232P0093,TMS21F2232P0093,2905,1,,1,,,,,,
21.GS.C6.SN.Student2.IB-plant2906-TMS21F2232P0094,TMS21F2232P0094,2906,1,,1,,,,,,
21.GS.C6.SN.Student2.IB-plant2907-TMS21F2232P0095,TMS21F2232P0095,2907,1,,1,,,,,,
21.GS.C6.SN.Student2.IB-plant2908-TMS21F2232P0096,TMS21F2232P0096,2908,1,,1,,,,,,
21.GS.C6.SN.Student2.IB-plant2909-TMS21F2232P0097,TMS21F2232P0097,2909,1,,1,,,,,,
21.GS.C6.SN.Student2.IB-plant2910-TMS21F2232P0098,TMS21F2232P0098,2910,1,,1,,,,,,
21.GS.C6.SN.Student2.IB-plant2911-TMS21F2233P0001,TMS21F2233P0001,2911,1,,1,,,,,,
21.GS.C6.SN.Student2.IB-plant2912-TMS21F2233P0002,TMS21F2233P0002,2912,1,,1,,,,,,
21.GS.C6.SN.Student2.IB-plant2913-TMS21F2233P0003,TMS21F2233P0003,2913,1,,1,,,,,,
21.GS.C6.SN.Student2.IB-plant2914-TMS21F2233P0004,TMS21F2233P0004,2914,1,,1,,,,,,
21.GS.C6.SN.Student2.IB-plant2915-TMS21F2233P0005,TMS21F2233P0005,2915,1,,1,,,,,,
21.GS.C6.SN.Student2.IB-plant2916-TMS21F2233P0006,TMS21F2233P0006,2916,1,,1,,,,,,
21.GS.C6.SN.Student2.IB-plant2917-TMS21F2233P0007,TMS21F2233P0007,2917,1,,1,,,,,,
21.GS.C6.SN.Student2.IB-plant2918-TMS21F2233P0008,TMS21F2233P0008,2918,1,,1,,,,,,
21.GS.C6.SN.Student2.IB-plant2919-TMS21F2233P0009,TMS21F2233P0009,2919,1,,1,,,,,,
21.GS.C6.SN.Student2.IB-plant2920-TMS21F2233P0010,TMS21F2233P0010,2920,1,,1,,,,,,
21.GS.C6.SN.Student2.IB-plant2921-TMS21F2233P0011,TMS21F2233P0011,2921,1,,1,,,,,,
21.GS.C6.SN.Student2.IB-plant2922-TMS21F2233P0012,TMS21F2233P0012,2922,1,,1,,,,,,
21.GS.C6.SN.Student2.IB-plant2923-TMS21F2233P0013,TMS21F2233P0013,2923,1,,1,,,,,,
21.GS.C6.SN.Student2.IB-plant2924-TMS21F2233P0014,TMS21F2233P0014,2924,1,,1,,,,,,
21.GS.C6.SN.Student2.IB-plant2925-TMS21F2233P0015,TMS21F2233P0015,2925,1,,1,,,,,,
21.GS.C6.SN.Student2.IB-plant2926-TMS21F2233P0016,TMS21F2233P0016,2926,1,,1,,,,,,
21.GS.C6.SN.Student2.IB-plant2927-TMS21F2233P0017,TMS21F2233P0017,2927,1,,1,,,,,,
21.GS.C6.SN.Student2.IB-plant2928-TMS21F2233P0018,TMS21F2233P0018,2928,1,,1,,,,,,
21.GS.C6.SN.Student2.IB-plant2929-TMS21F2233P0019,TMS21F2233P0019,2929,1,,1,,,,,,
21.GS.C6.SN.Student2.IB-plant2930-TMS21F2233P0020,TMS21F2233P0020,2930,1,,1,,,,,,
21.GS.C6.SN.Student2.IB-plant2931-TMS21F2233P0021,TMS21F2233P0021,2931,1,,1,,,,,,
21.GS.C6.SN.Student2.IB-plant2932-TMS21F2233P0022,TMS21F2233P0022,2932,1,,1,,,,,,
21.GS.C6.SN.Student2.IB-plant2933-TMS21F2233P0023,TMS21F2233P0023,2933,1,,1,,,,,,
21.GS.C6.SN.Student2.IB-plant2934-TMS21F2233P0024,TMS21F2233P0024,2934,1,,1,,,,,,
21.GS.C6.SN.Student2.IB-plant2935-TMS21F2233P0025,TMS21F2233P0025,2935,1,,1,,,,,,
21.GS.C6.SN.Student2.IB-plant2936-TMS21F2233P0026,TMS21F2233P0026,2936,1,,1,,,,,,
21.GS.C6.SN.Student2.IB-plant2937-TMS21F2233P0027,TMS21F2233P0027,2937,1,,1,,,,,,
21.GS.C6.SN.Student2.IB-plant2938-TMS21F2233P0028,TMS21F2233P0028,2938,1,,1,,,,,,
21.GS.C6.SN.Student2.IB-plant2939-TMS21F2233P0029,TMS21F2233P0029,2939,1,,1,,,,,,
21.GS.C6.SN.Student2.IB-plant2940-TMS21F2233P0030,TMS21F2233P0030,2940,1,,1,,,,,,
21.GS.C6.SN.Student2.IB-plant2941-TMS21F2233P0031,TMS21F2233P0031,2941,1,,1,,,,,,
21.GS.C6.SN.Student2.IB-plant2942-TMS21F2233P0032,TMS21F2233P0032,2942,1,,1,,,,,,
21.GS.C6.SN.Student2.IB-plant2943-TMS21F2233P0033,TMS21F2233P0033,2943,1,,1,,,,,,
21.GS.C6.SN.Student2.IB-plant2944-TMS21F2233P0034,TMS21F2233P0034,2944,1,,1,,,,,,
21.GS.C6.SN.Student2.IB-plant2945-TMS21F2233P0035,TMS21F2233P0035,2945,1,,1,,,,,,
21.GS.C6.SN.Student2.IB-plant2946-TMS21F2233P0036,TMS21F2233P0036,2946,1,,1,,,,,,
21.GS.C6.SN.Student2.IB-plant2947-TMS21F2233P0037,TMS21F2233P0037,2947,1,,1,,,,,,
21.GS.C6.SN.Student2.IB-plant2948-TMS21F2233P0038,TMS21F2233P0038,2948,1,,1,,,,,,
21.GS.C6.SN.Student2.IB-plant2949-TMS21F2233P0039,TMS21F2233P0039,2949,1,,1,,,,,,
21.GS.C6.SN.Student2.IB-plant2950-TMS21F2233P0040,TMS21F2233P0040,2950,1,,1,,,,,,
21.GS.C6.SN.Student2.IB-plant2951-TMS21F2233P0041,TMS21F2233P0041,2951,1,,1,,,,,,
21.GS.C6.SN.Student2.IB-plant2952-TMS21F2233P0042,TMS21F2233P0042,2952,1,,1,,,,,,
21.GS.C6.SN.Student2.IB-plant2953-TMS21F2233P0043,TMS21F2233P0043,2953,1,,1,,,,,,
21.GS.C6.SN.Student2.IB-plant2954-TMS21F2233P0044,TMS21F2233P0044,2954,1,,1,,,,,,
21.GS.C6.SN.Student2.IB-plant2955-TMS21F2233P0045,TMS21F2233P0045,2955,1,,1,,,,,,
21.GS.C6.SN.Student2.IB-plant2956-TMS21F2233P0046,TMS21F2233P0046,2956,1,,1,,,,,,
21.GS.C6.SN.Student2.IB-plant2957-TMS21F2233P0047,TMS21F2233P0047,2957,1,,1,,,,,,
21.GS.C6.SN.Student2.IB-plant2958-TMS21F2233P0048,TMS21F2233P0048,2958,1,,1,,,,,,
21.GS.C6.SN.Student2.IB-plant2959-TMS21F2233P0049,TMS21F2233P0049,2959,1,,1,,,,,,
21.GS.C6.SN.Student2.IB-plant2960-TMS21F2233P0050,TMS21F2233P0050,2960,1,,1,,,,,,
21.GS.C6.SN.Student2.IB-plant2961-TMS21F2233P0051,TMS21F2233P0051,2961,1,,1,,,,,,
21.GS.C6.SN.Student2.IB-plant2962-TMS21F2233P0052,TMS21F2233P0052,2962,1,,1,,,,,,
21.GS.C6.SN.Student2.IB-plant2963-TMS21F2233P0053,TMS21F2233P0053,2963,1,,1,,,,,,
21.GS.C6.SN.Student2.IB-plant2964-TMS21F2233P0054,TMS21F2233P0054,2964,1,,1,,,,,,
21.GS.C6.SN.Student2.IB-plant2965-TMS21F2233P0055,TMS21F2233P0055,2965,1,,1,,,,,,
21.GS.C6.SN.Student2.IB-plant2966-TMS21F2233P0056,TMS21F2233P0056,2966,1,,1,,,,,,
21.GS.C6.SN.Student2.IB-plant2967-TMS21F2233P0057,TMS21F2233P0057,2967,1,,1,,,,,,
21.GS.C6.SN.Student2.IB-plant2968-TMS21F2233P0058,TMS21F2233P0058,2968,1,,1,,,,,,
21.GS.C6.SN.Student2.IB-plant2969-TMS21F2233P0059,TMS21F2233P0059,2969,1,,1,,,,,,
21.GS.C6.SN.Student2.IB-plant2970-TMS21F2233P0060,TMS21F2233P0060,2970,1,,1,,,,,,
21.GS.C6.SN.Student2.IB-plant2971-TMS21F2233P0061,TMS21F2233P0061,2971,1,,1,,,,,,
21.GS.C6.SN.Student2.IB-plant2972-TMS21F2233P0062,TMS21F2233P0062,2972,1,,1,,,,,,
21.GS.C6.SN.Student2.IB-plant2973-TMS21F2233P0063,TMS21F2233P0063,2973,1,,1,,,,,,
21.GS.C6.SN.Student2.IB-plant2974-TMS21F2233P0064,TMS21F2233P0064,2974,1,,1,,,,,,
21.GS.C6.SN.Student2.IB-plant2975-TMS21F2233P0065,TMS21F2233P0065,2975,1,,1,,,,,,
21.GS.C6.SN.Student2.IB-plant2976-TMS21F2233P0066,TMS21F2233P0066,2976,1,,1,,,,,,
21.GS.C6.SN.Student2.IB-plant2977-TMS21F2233P0067,TMS21F2233P0067,2977,1,,1,,,,,,
21.GS.C6.SN.Student2.IB-plant2978-TMS21F2233P0068,TMS21F2233P0068,2978,1,,1,,,,,,
21.GS.C6.SN.Student2.IB-plant2979-TMS21F2233P0069,TMS21F2233P0069,2979,1,,1,,,,,,
21.GS.C6.SN.Student2.IB-plant2980-TMS21F2233P0070,TMS21F2233P0070,2980,1,,1,,,,,,
21.GS.C6.SN.Student2.IB-plant2981-TMS21F2233P0071,TMS21F2233P0071,2981,1,,1,,,,,,
21.GS.C6.SN.Student2.IB-plant2982-TMS21F2233P0072,TMS21F2233P0072,2982,1,,1,,,,,,
21.GS.C6.SN.Student2.IB-plant2983-TMS21F2233P0073,TMS21F2233P0073,2983,1,,1,,,,,,
21.GS.C6.SN.Student2.IB-plant2984-TMS21F2233P0074,TMS21F2233P0074,2984,1,,1,,,,,,
21.GS.C6.SN.Student2.IB-plant2985-TMS21F2233P0075,TMS21F2233P0075,2985,1,,1,,,,,,
21.GS.C6.SN.Student2.IB-plant2986-TMS21F2233P0076,TMS21F2233P0076,2986,1,,1,,,,,,
21.GS.C6.SN.Student2.IB-plant2987-TMS21F2233P0077,TMS21F2233P0077,2987,1,,1,,,,,,
21.GS.C6.SN.Student2.IB-plant2988-TMS21F2233P0078,TMS21F2233P0078,2988,1,,1,,,,,,
21.GS.C6.SN.Student2.IB-plant2989-TMS21F2233P0079,TMS21F2233P0079,2989,1,,1,,,,,,
21.GS.C6.SN.Student2.IB-plant2990-TMS21F2233P0080,TMS21F2233P0080,2990,1,,1,,,,,,
21.GS.C6.SN.Student2.IB-plant2991-TMS21F2233P0081,TMS21F2233P0081,2991,1,,1,,,,,,
21.GS.C6.SN.Student2.IB-plant2992-TMS21F2233P0082,TMS21F2233P0082,2992,1,,1,,,,,,
21.GS.C6.SN.Student2.IB-plant2993-TMS21F2233P0083,TMS21F2233P0083,2993,1,,1,,,,,,
21.GS.C6.SN.Student2.IB-plant2994-TMS21F2233P0084,TMS21F2233P0084,2994,1,,1,,,,,,
21.GS.C6.SN.Student2.IB-plant2995-TMS21F2233P0085,TMS21F2233P0085,2995,1,,1,,,,,,
21.GS.C6.SN.Student2.IB-plant2996-TMS21F2233P0086,TMS21F2233P0086,2996,1,,1,,,,,,
21.GS.C6.SN.Student2.IB-plant2997-TMS21F2233P0087,TMS21F2233P0087,2997,1,,1,,,,,,
21.GS.C6.SN.Student2.IB-plant2998-TMS21F2233P0088,TMS21F2233P0088,2998,1,,1,,,,,,
21.GS.C6.SN.Student2.IB-plant2999-TMS21F2233P0089,TMS21F2233P0089,2999,1,,1,,,,,,
21.GS.C6.SN.Student2.IB-plant3000-TMS21F2233P0090,TMS21F2233P0090,3000,1,,1,,,,,,
21.GS.C6.SN.Student2.IB-plant3001-TMS21F2233P0091,TMS21F2233P0091,3001,1,,1,,,,,,
21.GS.C6.SN.Student2.IB-plant3002-TMS21F2233P0092,TMS21F2233P0092,3002,1,,1,,,,,,
21.GS.C6.SN.Student2.IB-plant3003-TMS21F2233P0093,TMS21F2233P0093,3003,1,,1,,,,,,
21.GS.C6.SN.Student2.IB-plant3004-TMS21F2233P0094,TMS21F2233P0094,3004,1,,1,,,,,,
21.GS.C6.SN.Student2.IB-plant3005-TMS21F2233P0095,TMS21F2233P0095,3005,1,,1,,,,,,
21.GS.C6.SN.Student2.IB-plant3006-TMS21F2233P0096,TMS21F2233P0096,3006,1,,1,,,,,,
21.GS.C6.SN.Student2.IB-plant3007-TMS21F2233P0097,TMS21F2233P0097,3007,1,,1,,,,,,
21.GS.C6.SN.Student2.IB-plant3008-TMS21F2233P0098,TMS21F2233P0098,3008,1,,1,,,,,,
21.GS.C6.SN.Student2.IB-plant3009-TMS21F2233P0099,TMS21F2233P0099,3009,1,,1,,,,,,
21.GS.C6.SN.Student2.IB-plant3010-TMS21F2234P0001,TMS21F2234P0001,3010,1,,1,,,,,,
21.GS.C6.SN.Student2.IB-plant3011-TMS21F2234P0002,TMS21F2234P0002,3011,1,,1,,,,,,
21.GS.C6.SN.Student2.IB-plant3012-TMS21F2234P0003,TMS21F2234P0003,3012,1,,1,,,,,,
21.GS.C6.SN.Student2.IB-plant3013-TMS21F2234P0004,TMS21F2234P0004,3013,1,,1,,,,,,
21.GS.C6.SN.Student2.IB-plant3014-TMS21F2234P0005,TMS21F2234P0005,3014,1,,1,,,,,,
21.GS.C6.SN.Student2.IB-plant3015-TMS21F2234P0006,TMS21F2234P0006,3015,1,,1,,,,,,
21.GS.C6.SN.Student2.IB-plant3016-TMS21F2234P0007,TMS21F2234P0007,3016,1,,1,,,,,,
21.GS.C6.SN.Student2.IB-plant3017-TMS21F2234P0008,TMS21F2234P0008,3017,1,,1,,,,,,
21.GS.C6.SN.Student2.IB-plant3018-TMS21F2234P0009,TMS21F2234P0009,3018,1,,1,,,,,,
21.GS.C6.SN.Student2.IB-plant3019-TMS21F2234P0010,TMS21F2234P0010,3019,1,,1,,,,,,
21.GS.C6.SN.Student2.IB-plant3020-TMS21F2234P0011,TMS21F2234P0011,3020,1,,1,,,,,,
21.GS.C6.SN.Student2.IB-plant3021-TMS21F2234P0012,TMS21F2234P0012,3021,1,,1,,,,,,
21.GS.C6.SN.Student2.IB-plant3022-TMS21F2234P0013,TMS21F2234P0013,3022,1,,1,,,,,,
21.GS.C6.SN.Student2.IB-plant3023-TMS21F2234P0014,TMS21F2234P0014,3023,1,,1,,,,,,
21.GS.C6.SN.Student2.IB-plant3024-TMS21F2234P0015,TMS21F2234P0015,3024,1,,1,,,,,,
21.GS.C6.SN.Student2.IB-plant3025-TMS21F2234P0016,TMS21F2234P0016,3025,1,,1,,,,,,
21.GS.C6.SN.Student2.IB-plant3026-TMS21F2234P0017,TMS21F2234P0017,3026,1,,1,,,,,,
21.GS.C6.SN.Student2.IB-plant3027-TMS21F2234P0018,TMS21F2234P0018,3027,1,,1,,,,,,
21.GS.C6.SN.Student2.IB-plant3028-TMS21F2234P0019,TMS21F2234P0019,3028,1,,1,,,,,,
21.GS.C6.SN.Student2.IB-plant3029-TMS21F2234P0020,TMS21F2234P0020,3029,1,,1,,,,,,
21.GS.C6.SN.Student2.IB-plant3030-TMS21F2234P0021,TMS21F2234P0021,3030,1,,1,,,,,,
21.GS.C6.SN.Student2.IB-plant3031-TMS21F2234P0022,TMS21F2234P0022,3031,1,,1,,,,,,
21.GS.C6.SN.Student2.IB-plant3032-TMS21F2234P0023,TMS21F2234P0023,3032,1,,1,,,,,,
21.GS.C6.SN.Student2.IB-plant3033-TMS21F2234P0024,TMS21F2234P0024,3033,1,,1,,,,,,
21.GS.C6.SN.Student2.IB-plant3034-TMS21F2234P0025,TMS21F2234P0025,3034,1,,1,,,,,,
21.GS.C6.SN.Student2.IB-plant3035-TMS21F2234P0026,TMS21F2234P0026,3035,1,,1,,,,,,
21.GS.C6.SN.Student2.IB-plant3036-TMS21F2234P0027,TMS21F2234P0027,3036,1,,1,,,,,,
21.GS.C6.SN.Student2.IB-plant3037-TMS21F2234P0028,TMS21F2234P0028,3037,1,,1,,,,,,
21.GS.C6.SN.Student2.IB-plant3038-TMS21F2234P0029,TMS21F2234P0029,3038,1,,1,,,,,,
21.GS.C6.SN.Student2.IB-plant3039-TMS21F2234P0030,TMS21F2234P0030,3039,1,,1,,,,,,
21.GS.C6.SN.Student2.IB-plant3040-TMS21F2234P0031,TMS21F2234P0031,3040,1,,1,,,,,,
21.GS.C6.SN.Student2.IB-plant3041-TMS21F2234P0032,TMS21F2234P0032,3041,1,,1,,,,,,
21.GS.C6.SN.Student2.IB-plant3042-TMS21F2234P0033,TMS21F2234P0033,3042,1,,1,,,,,,
21.GS.C6.SN.Student2.IB-plant3043-TMS21F2234P0034,TMS21F2234P0034,3043,1,,1,,,,,,
21.GS.C6.SN.Student2.IB-plant3044-TMS21F2234P0035,TMS21F2234P0035,3044,1,,1,,,,,,
21.GS.C6.SN.Student2.IB-plant3045-TMS21F2234P0036,TMS21F2234P0036,3045,1,,1,,,,,,
21.GS.C6.SN.Student2.IB-plant3046-TMS21F2234P0037,TMS21F2234P0037,3046,1,,1,,,,,,
21.GS.C6.SN.Student2.IB-plant3047-TMS21F2234P0038,TMS21F2234P0038,3047,1,,1,,,,,,
21.GS.C6.SN.Student2.IB-plant3048-TMS21F2234P0039,TMS21F2234P0039,3048,1,,1,,,,,,
21.GS.C6.SN.Student2.IB-plant3049-TMS21F2234P0040,TMS21F2234P0040,3049,1,,1,,,,,,
21.GS.C6.SN.Student2.IB-plant3050-TMS21F2234P0041,TMS21F2234P0041,3050,1,,1,,,,,,
21.GS.C6.SN.Student2.IB-plant3051-TMS21F2234P0042,TMS21F2234P0042,3051,1,,1,,,,,,
21.GS.C6.SN.Student2.IB-plant3052-TMS21F2234P0043,TMS21F2234P0043,3052,1,,1,,,,,,
21.GS.C6.SN.Student2.IB-plant3053-TMS21F2234P0044,TMS21F2234P0044,3053,1,,1,,,,,,
21.GS.C6.SN.Student2.IB-plant3054-TMS21F2234P0045,TMS21F2234P0045,3054,1,,1,,,,,,
21.GS.C6.SN.Student2.IB-plant3055-TMS21F2234P0046,TMS21F2234P0046,3055,1,,1,,,,,,
21.GS.C6.SN.Student2.IB-plant3056-TMS21F2234P0047,TMS21F2234P0047,3056,1,,1,,,,,,
21.GS.C6.SN.Student2.IB-plant3057-TMS21F2234P0048,TMS21F2234P0048,3057,1,,1,,,,,,
21.GS.C6.SN.Student2.IB-plant3058-TMS21F2234P0049,TMS21F2234P0049,3058,1,,1,,,,,,
21.GS.C6.SN.Student2.IB-plant3059-TMS21F2234P0050,TMS21F2234P0050,3059,1,,1,,,,,,
21.GS.C6.SN.Student2.IB-plant3060-TMS21F2234P0051,TMS21F2234P0051,3060,1,,1,,,,,,
21.GS.C6.SN.Student2.IB-plant3061-TMS21F2234P0052,TMS21F2234P0052,3061,1,,1,,,,,,
21.GS.C6.SN.Student2.IB-plant3062-TMS21F2234P0053,TMS21F2234P0053,3062,1,,1,,,,,,
21.GS.C6.SN.Student2.IB-plant3063-TMS21F2234P0054,TMS21F2234P0054,3063,1,,1,,,,,,
21.GS.C6.SN.Student2.IB-plant3064-TMS21F2234P0055,TMS21F2234P0055,3064,1,,1,,,,,,
21.GS.C6.SN.Student2.IB-plant3065-TMS21F2234P0056,TMS21F2234P0056,3065,1,,1,,,,,,
21.GS.C6.SN.Student2.IB-plant3066-TMS21F2234P0057,TMS21F2234P0057,3066,1,,1,,,,,,
21.GS.C6.SN.Student2.IB-plant3067-TMS21F2234P0058,TMS21F2234P0058,3067,1,,1,,,,,,
21.GS.C6.SN.Student2.IB-plant3068-TMS21F2234P0059,TMS21F2234P0059,3068,1,,1,,,,,,
21.GS.C6.SN.Student2.IB-plant3069-TMS21F2234P0060,TMS21F2234P0060,3069,1,,1,,,,,,
21.GS.C6.SN.Student2.IB-plant3070-TMS21F2234P0061,TMS21F2234P0061,3070,1,,1,,,,,,
21.GS.C6.SN.Student2.IB-plant3071-TMS21F2234P0062,TMS21F2234P0062,3071,1,,1,,,,,,
21.GS.C6.SN.Student2.IB-plant3072-TMS21F2234P0063,TMS21F2234P0063,3072,1,,1,,,,,,
21.GS.C6.SN.Student2.IB-plant3073-TMS21F2234P0064,TMS21F2234P0064,3073,1,,1,,,,,,
21.GS.C6.SN.Student2.IB-plant3074-TMS21F2234P0065,TMS21F2234P0065,3074,1,,1,,,,,,
21.GS.C6.SN.Student2.IB-plant3075-TMS21F2234P0066,TMS21F2234P0066,3075,1,,1,,,,,,
21.GS.C6.SN.Student2.IB-plant3076-TMS21F2234P0067,TMS21F2234P0067,3076,1,,1,,,,,,
21.GS.C6.SN.Student2.IB-plant3077-TMS21F2234P0068,TMS21F2234P0068,3077,1,,1,,,,,,
21.GS.C6.SN.Student2.IB-plant3078-TMS21F2234P0069,TMS21F2234P0069,3078,1,,1,,,,,,
21.GS.C6.SN.Student2.IB-plant3079-TMS21F2234P0070,TMS21F2234P0070,3079,1,,1,,,,,,
21.GS.C6.SN.Student2.IB-plant3080-TMS21F2234P0071,TMS21F2234P0071,3080,1,,1,,,,,,
21.GS.C6.SN.Student2.IB-plant3081-TMS21F2234P0072,TMS21F2234P0072,3081,1,,1,,,,,,
21.GS.C6.SN.Student2.IB-plant3082-TMS21F2234P0073,TMS21F2234P0073,3082,1,,1,,,,,,
21.GS.C6.SN.Student2.IB-plant3083-TMS21F2234P0074,TMS21F2234P0074,3083,1,,1,,,,,,
21.GS.C6.SN.Student2.IB-plant3084-TMS21F2234P0075,TMS21F2234P0075,3084,1,,1,,,,,,
21.GS.C6.SN.Student2.IB-plant3085-TMS21F2234P0076,TMS21F2234P0076,3085,1,,1,,,,,,
21.GS.C6.SN.Student2.IB-plant3086-TMS21F2234P0077,TMS21F2234P0077,3086,1,,1,,,,,,
21.GS.C6.SN.Student2.IB-plant3087-TMS21F2234P0078,TMS21F2234P0078,3087,1,,1,,,,,,
21.GS.C6.SN.Student2.IB-plant3088-TMS21F2234P0079,TMS21F2234P0079,3088,1,,1,,,,,,
21.GS.C6.SN.Student2.IB-plant3089-TMS21F2234P0080,TMS21F2234P0080,3089,1,,1,,,,,,
21.GS.C6.SN.Student2.IB-plant3090-TMS21F2234P0081,TMS21F2234P0081,3090,1,,1,,,,,,
21.GS.C6.SN.Student2.IB-plant3091-TMS21F2234P0082,TMS21F2234P0082,3091,1,,1,,,,,,
21.GS.C6.SN.Student2.IB-plant3092-TMS21F2234P0083,TMS21F2234P0083,3092,1,,1,,,,,,
21.GS.C6.SN.Student2.IB-plant3093-TMS21F2234P0084,TMS21F2234P0084,3093,1,,1,,,,,,
21.GS.C6.SN.Student2.IB-plant3094-TMS21F2234P0085,TMS21F2234P0085,3094,1,,1,,,,,,
21.GS.C6.SN.Student2.IB-plant3095-TMS21F2234P0086,TMS21F2234P0086,3095,1,,1,,,,,,
21.GS.C6.SN.Student2.IB-plant3096-TMS21F2234P0087,TMS21F2234P0087,3096,1,,1,,,,,,
21.GS.C6.SN.Student2.IB-plant3097-TMS21F2234P0088,TMS21F2234P0088,3097,1,,1,,,,,,
21.GS.C6.SN.Student2.IB-plant3098-TMS21F2234P0089,TMS21F2234P0089,3098,1,,1,,,,,,
21.GS.C6.SN.Student2.IB-plant3099-TMS21F2234P0090,TMS21F2234P0090,3099,1,,1,,,,,,
21.GS.C6.SN.Student2.IB-plant3100-TMS21F2234P0091,TMS21F2234P0091,3100,1,,1,,,,,,
21.GS.C6.SN.Student2.IB-plant3101-TMS21F2234P0092,TMS21F2234P0092,3101,1,,1,,,,,,
21.GS.C6.SN.Student2.IB-plant3102-TMS21F2234P0093,TMS21F2234P0093,3102,1,,1,,,,,,
21.GS.C6.SN.Student2.IB-plant3103-TMS21F2234P0094,TMS21F2234P0094,3103,1,,1,,,,,,
21.GS.C6.SN.Student2.IB-plant3104-TMS21F2235P0001,TMS21F2235P0001,3104,1,,1,,,,,,
21.GS.C6.SN.Student2.IB-plant3105-TMS21F2235P0002,TMS21F2235P0002,3105,1,,1,,,,,,
21.GS.C6.SN.Student2.IB-plant3106-TMS21F2235P0003,TMS21F2235P0003,3106,1,,1,,,,,,
21.GS.C6.SN.Student2.IB-plant3107-TMS21F2235P0004,TMS21F2235P0004,3107,1,,1,,,,,,
21.GS.C6.SN.Student2.IB-plant3108-TMS21F2235P0005,TMS21F2235P0005,3108,1,,1,,,,,,
21.GS.C6.SN.Student2.IB-plant3109-TMS21F2235P0006,TMS21F2235P0006,3109,1,,1,,,,,,
21.GS.C6.SN.Student2.IB-plant3110-TMS21F2235P0007,TMS21F2235P0007,3110,1,,1,,,,,,
21.GS.C6.SN.Student2.IB-plant3111-TMS21F2235P0008,TMS21F2235P0008,3111,1,,1,,,,,,
21.GS.C6.SN.Student2.IB-plant3112-TMS21F2235P0009,TMS21F2235P0009,3112,1,,1,,,,,,
21.GS.C6.SN.Student2.IB-plant3113-TMS21F2235P0010,TMS21F2235P0010,3113,1,,1,,,,,,
21.GS.C6.SN.Student2.IB-plant3114-TMS21F2235P0011,TMS21F2235P0011,3114,1,,1,,,,,,
21.GS.C6.SN.Student2.IB-plant3115-TMS21F2235P0012,TMS21F2235P0012,3115,1,,1,,,,,,
21.GS.C6.SN.Student2.IB-plant3116-TMS21F2235P0013,TMS21F2235P0013,3116,1,,1,,,,,,
21.GS.C6.SN.Student2.IB-plant3117-TMS21F2235P0014,TMS21F2235P0014,3117,1,,1,,,,,,
21.GS.C6.SN.Student2.IB-plant3118-TMS21F2235P0015,TMS21F2235P0015,3118,1,,1,,,,,,
21.GS.C6.SN.Student2.IB-plant3119-TMS21F2235P0016,TMS21F2235P0016,3119,1,,1,,,,,,
21.GS.C6.SN.Student2.IB-plant3120-TMS21F2235P0017,TMS21F2235P0017,3120,1,,1,,,,,,
21.GS.C6.SN.Student2.IB-plant3121-TMS21F2235P0018,TMS21F2235P0018,3121,1,,1,,,,,,
21.GS.C6.SN.Student2.IB-plant3122-TMS21F2235P0019,TMS21F2235P0019,3122,1,,1,,,,,,
21.GS.C6.SN.Student2.IB-plant3123-TMS21F2235P0020,TMS21F2235P0020,3123,1,,1,,,,,,
21.GS.C6.SN.Student2.IB-plant3124-TMS21F2235P0021,TMS21F2235P0021,3124,1,,1,,,,,,
21.GS.C6.SN.Student2.IB-plant3125-TMS21F2235P0022,TMS21F2235P0022,3125,1,,1,,,,,,
21.GS.C6.SN.Student2.IB-plant3126-TMS21F2235P0023,TMS21F2235P0023,3126,1,,1,,,,,,
21.GS.C6.SN.Student2.IB-plant3127-TMS21F2235P0024,TMS21F2235P0024,3127,1,,1,,,,,,
21.GS.C6.SN.Student2.IB-plant3128-TMS21F2235P0025,TMS21F2235P0025,3128,1,,1,,,,,,
21.GS.C6.SN.Student2.IB-plant3129-TMS21F2235P0026,TMS21F2235P0026,3129,1,,1,,,,,,
21.GS.C6.SN.Student2.IB-plant3130-TMS21F2235P0027,TMS21F2235P0027,3130,1,,1,,,,,,
21.GS.C6.SN.Student2.IB-plant3131-TMS21F2235P0028,TMS21F2235P0028,3131,1,,1,,,,,,
21.GS.C6.SN.Student2.IB-plant3132-TMS21F2235P0029,TMS21F2235P0029,3132,1,,1,,,,,,
21.GS.C6.SN.Student2.IB-plant3133-TMS21F2235P0030,TMS21F2235P0030,3133,1,,1,,,,,,
21.GS.C6.SN.Student2.IB-plant3134-TMS21F2235P0031,TMS21F2235P0031,3134,1,,1,,,,,,
21.GS.C6.SN.Student2.IB-plant3135-TMS21F2235P0032,TMS21F2235P0032,3135,1,,1,,,,,,
21.GS.C6.SN.Student2.IB-plant3136-TMS21F2235P0033,TMS21F2235P0033,3136,1,,1,,,,,,
21.GS.C6.SN.Student2.IB-plant3137-TMS21F2235P0034,TMS21F2235P0034,3137,1,,1,,,,,,
21.GS.C6.SN.Student2.IB-plant3138-TMS21F2235P0035,TMS21F2235P0035,3138,1,,1,,,,,,
21.GS.C6.SN.Student2.IB-plant3139-TMS21F2235P0036,TMS21F2235P0036,3139,1,,1,,,,,,
21.GS.C6.SN.Student2.IB-plant3140-TMS21F2235P0037,TMS21F2235P0037,3140,1,,1,,,,,,
21.GS.C6.SN.Student2.IB-plant3141-TMS21F2235P0038,TMS21F2235P0038,3141,1,,1,,,,,,
21.GS.C6.SN.Student2.IB-plant3142-TMS21F2235P0039,TMS21F2235P0039,3142,1,,1,,,,,,
21.GS.C6.SN.Student2.IB-plant3143-TMS21F2235P0040,TMS21F2235P0040,3143,1,,1,,,,,,
21.GS.C6.SN.Student2.IB-plant3144-TMS21F2235P0041,TMS21F2235P0041,3144,1,,1,,,,,,
21.GS.C6.SN.Student2.IB-plant3145-TMS21F2235P0042,TMS21F2235P0042,3145,1,,1,,,,,,
21.GS.C6.SN.Student2.IB-plant3146-TMS21F2235P0043,TMS21F2235P0043,3146,1,,1,,,,,,
21.GS.C6.SN.Student2.IB-plant3147-TMS21F2235P0044,TMS21F2235P0044,3147,1,,1,,,,,,
21.GS.C6.SN.Student2.IB-plant3148-TMS21F2235P0045,TMS21F2235P0045,3148,1,,1,,,,,,
21.GS.C6.SN.Student2.IB-plant3149-TMS21F2235P0046,TMS21F2235P0046,3149,1,,1,,,,,,
21.GS.C6.SN.Student2.IB-plant3150-TMS21F2235P0047,TMS21F2235P0047,3150,1,,1,,,,,,
21.GS.C6.SN.Student2.IB-plant3151-TMS21F2235P0048,TMS21F2235P0048,3151,1,,1,,,,,,
21.GS.C6.SN.Student2.IB-plant3152-TMS21F2235P0049,TMS21F2235P0049,3152,1,,1,,,,,,
21.GS.C6.SN.Student2.IB-plant3153-TMS21F2235P0050,TMS21F2235P0050,3153,1,,1,,,,,,
21.GS.C6.SN.Student2.IB-plant3154-TMS21F2235P0051,TMS21F2235P0051,3154,1,,1,,,,,,
21.GS.C6.SN.Student2.IB-plant3155-TMS21F2235P0052,TMS21F2235P0052,3155,1,,1,,,,,,
21.GS.C6.SN.Student2.IB-plant3156-TMS21F2235P0053,TMS21F2235P0053,3156,1,,1,,,,,,
21.GS.C6.SN.Student2.IB-plant3157-TMS21F2235P0054,TMS21F2235P0054,3157,1,,1,,,,,,
21.GS.C6.SN.Student2.IB-plant3158-TMS21F2235P0055,TMS21F2235P0055,3158,1,,1,,,,,,
21.GS.C6.SN.Student2.IB-plant3159-TMS21F2235P0056,TMS21F2235P0056,3159,1,,1,,,,,,
21.GS.C6.SN.Student2.IB-plant3160-TMS21F2235P0057,TMS21F2235P0057,3160,1,,1,,,,,,
21.GS.C6.SN.Student2.IB-plant3161-TMS21F2235P0058,TMS21F2235P0058,3161,1,,1,,,,,,
21.GS.C6.SN.Student2.IB-plant3162-TMS21F2235P0059,TMS21F2235P0059,3162,1,,1,,,,,,
21.GS.C6.SN.Student2.IB-plant3163-TMS21F2235P0060,TMS21F2235P0060,3163,1,,1,,,,,,
21.GS.C6.SN.Student2.IB-plant3164-TMS21F2235P0061,TMS21F2235P0061,3164,1,,1,,,,,,
21.GS.C6.SN.Student2.IB-plant3165-TMS21F2235P0062,TMS21F2235P0062,3165,1,,1,,,,,,
21.GS.C6.SN.Student2.IB-plant3166-TMS21F2235P0063,TMS21F2235P0063,3166,1,,1,,,,,,
21.GS.C6.SN.Student2.IB-plant3167-TMS21F2235P0064,TMS21F2235P0064,3167,1,,1,,,,,,
21.GS.C6.SN.Student2.IB-plant3168-TMS21F2235P0065,TMS21F2235P0065,3168,1,,1,,,,,,
21.GS.C6.SN.Student2.IB-plant3169-TMS21F2235P0066,TMS21F2235P0066,3169,1,,1,,,,,,
21.GS.C6.SN.Student2.IB-plant3170-TMS21F2235P0067,TMS21F2235P0067,3170,1,,1,,,,,,
21.GS.C6.SN.Student2.IB-plant3171-TMS21F2235P0068,TMS21F2235P0068,3171,1,,1,,,,,,
21.GS.C6.SN.Student2.IB-plant3172-TMS21F2235P0069,TMS21F2235P0069,3172,1,,1,,,,,,
21.GS.C6.SN.Student2.IB-plant3173-TMS21F2235P0070,TMS21F2235P0070,3173,1,,1,,,,,,
21.GS.C6.SN.Student2.IB-plant3174-TMS21F2235P0071,TMS21F2235P0071,3174,1,,1,,,,,,
21.GS.C6.SN.Student2.IB-plant3175-TMS21F2235P0072,TMS21F2235P0072,3175,1,,1,,,,,,
21.GS.C6.SN.Student2.IB-plant3176-TMS21F2235P0073,TMS21F2235P0073,3176,1,,1,,,,,,
21.GS.C6.SN.Student2.IB-plant3177-TMS21F2235P0074,TMS21F2235P0074,3177,1,,1,,,,,,
21.GS.C6.SN.Student2.IB-plant3178-TMS21F2235P0075,TMS21F2235P0075,3178,1,,1,,,,,,
21.GS.C6.SN.Student2.IB-plant3179-TMS21F2235P0076,TMS21F2235P0076,3179,1,,1,,,,,,
21.GS.C6.SN.Student2.IB-plant3180-TMS21F2235P0077,TMS21F2235P0077,3180,1,,1,,,,,,
21.GS.C6.SN.Student2.IB-plant3181-TMS21F2235P0078,TMS21F2235P0078,3181,1,,1,,,,,,
21.GS.C6.SN.Student2.IB-plant3182-TMS21F2235P0079,TMS21F2235P0079,3182,1,,1,,,,,,
21.GS.C6.SN.Student2.IB-plant3183-TMS21F2235P0080,TMS21F2235P0080,3183,1,,1,,,,,,
21.GS.C6.SN.Student2.IB-plant3184-TMS21F2235P0081,TMS21F2235P0081,3184,1,,1,,,,,,
21.GS.C6.SN.Student2.IB-plant3185-TMS21F2235P0082,TMS21F2235P0082,3185,1,,1,,,,,,
21.GS.C6.SN.Student2.IB-plant3186-TMS21F2235P0083,TMS21F2235P0083,3186,1,,1,,,,,,
21.GS.C6.SN.Student2.IB-plant3187-TMS21F2235P0084,TMS21F2235P0084,3187,1,,1,,,,,,
21.GS.C6.SN.Student2.IB-plant3188-TMS21F2236P0001,TMS21F2236P0001,3188,1,,1,,,,,,
21.GS.C6.SN.Student2.IB-plant3189-TMS21F2236P0002,TMS21F2236P0002,3189,1,,1,,,,,,
21.GS.C6.SN.Student2.IB-plant3190-TMS21F2236P0003,TMS21F2236P0003,3190,1,,1,,,,,,
21.GS.C6.SN.Student2.IB-plant3191-TMS21F2236P0004,TMS21F2236P0004,3191,1,,1,,,,,,
21.GS.C6.SN.Student2.IB-plant3192-TMS21F2236P0005,TMS21F2236P0005,3192,1,,1,,,,,,
21.GS.C6.SN.Student2.IB-plant3193-TMS21F2236P0006,TMS21F2236P0006,3193,1,,1,,,,,,
21.GS.C6.SN.Student2.IB-plant3194-TMS21F2236P0007,TMS21F2236P0007,3194,1,,1,,,,,,
21.GS.C6.SN.Student2.IB-plant3195-TMS21F2236P0008,TMS21F2236P0008,3195,1,,1,,,,,,
21.GS.C6.SN.Student2.IB-plant3196-TMS21F2236P0009,TMS21F2236P0009,3196,1,,1,,,,,,
21.GS.C6.SN.Student2.IB-plant3197-TMS21F2236P0010,TMS21F2236P0010,3197,1,,1,,,,,,
21.GS.C6.SN.Student2.IB-plant3198-TMS21F2236P0011,TMS21F2236P0011,3198,1,,1,,,,,,
21.GS.C6.SN.Student2.IB-plant3199-TMS21F2236P0012,TMS21F2236P0012,3199,1,,1,,,,,,
21.GS.C6.SN.Student2.IB-plant3200-TMS21F2236P0013,TMS21F2236P0013,3200,1,,1,,,,,,
21.GS.C6.SN.Student2.IB-plant3201-TMS21F2236P0014,TMS21F2236P0014,3201,1,,1,,,,,,
21.GS.C6.SN.Student2.IB-plant3202-TMS21F2236P0015,TMS21F2236P0015,3202,1,,1,,,,,,
21.GS.C6.SN.Student2.IB-plant3203-TMS21F2236P0016,TMS21F2236P0016,3203,1,,1,,,,,,
21.GS.C6.SN.Student2.IB-plant3204-TMS21F2236P0017,TMS21F2236P0017,3204,1,,1,,,,,,
21.GS.C6.SN.Student2.IB-plant3205-TMS21F2236P0018,TMS21F2236P0018,3205,1,,1,,,,,,
21.GS.C6.SN.Student2.IB-plant3206-TMS21F2236P0019,TMS21F2236P0019,3206,1,,1,,,,,,
21.GS.C6.SN.Student2.IB-plant3207-TMS21F2236P0020,TMS21F2236P0020,3207,1,,1,,,,,,
21.GS.C6.SN.Student2.IB-plant3208-TMS21F2236P0021,TMS21F2236P0021,3208,1,,1,,,,,,
21.GS.C6.SN.Student2.IB-plant3209-TMS21F2236P0022,TMS21F2236P0022,3209,1,,1,,,,,,
21.GS.C6.SN.Student2.IB-plant3210-TMS21F2236P0023,TMS21F2236P0023,3210,1,,1,,,,,,
21.GS.C6.SN.Student2.IB-plant3211-TMS21F2236P0024,TMS21F2236P0024,3211,1,,1,,,,,,
21.GS.C6.SN.Student2.IB-plant3212-TMS21F2236P0025,TMS21F2236P0025,3212,1,,1,,,,,,
21.GS.C6.SN.Student2.IB-plant3213-TMS21F2236P0026,TMS21F2236P0026,3213,1,,1,,,,,,
21.GS.C6.SN.Student2.IB-plant3214-TMS21F2236P0027,TMS21F2236P0027,3214,1,,1,,,,,,
21.GS.C6.SN.Student2.IB-plant3215-TMS21F2236P0028,TMS21F2236P0028,3215,1,,1,,,,,,
21.GS.C6.SN.Student2.IB-plant3216-TMS21F2236P0029,TMS21F2236P0029,3216,1,,1,,,,,,
21.GS.C6.SN.Student2.IB-plant3217-TMS21F2236P0030,TMS21F2236P0030,3217,1,,1,,,,,,
21.GS.C6.SN.Student2.IB-plant3218-TMS21F2236P0031,TMS21F2236P0031,3218,1,,1,,,,,,
21.GS.C6.SN.Student2.IB-plant3219-TMS21F2236P0032,TMS21F2236P0032,3219,1,,1,,,,,,
21.GS.C6.SN.Student2.IB-plant3220-TMS21F2236P0033,TMS21F2236P0033,3220,1,,1,,,,,,
21.GS.C6.SN.Student2.IB-plant3221-TMS21F2236P0034,TMS21F2236P0034,3221,1,,1,,,,,,
21.GS.C6.SN.Student2.IB-plant3222-TMS21F2236P0035,TMS21F2236P0035,3222,1,,1,,,,,,
21.GS.C6.SN.Student2.IB-plant3223-TMS21F2236P0036,TMS21F2236P0036,3223,1,,1,,,,,,
21.GS.C6.SN.Student2.IB-plant3224-TMS21F2236P0037,TMS21F2236P0037,3224,1,,1,,,,,,
21.GS.C6.SN.Student2.IB-plant3225-TMS21F2236P0038,TMS21F2236P0038,3225,1,,1,,,,,,
21.GS.C6.SN.Student2.IB-plant3226-TMS21F2236P0039,TMS21F2236P0039,3226,1,,1,,,,,,
21.GS.C6.SN.Student2.IB-plant3227-TMS21F2236P0040,TMS21F2236P0040,3227,1,,1,,,,,,
21.GS.C6.SN.Student2.IB-plant3228-TMS21F2236P0041,TMS21F2236P0041,3228,1,,1,,,,,,
21.GS.C6.SN.Student2.IB-plant3229-TMS21F2236P0042,TMS21F2236P0042,3229,1,,1,,,,,,
21.GS.C6.SN.Student2.IB-plant3230-TMS21F2236P0043,TMS21F2236P0043,3230,1,,1,,,,,,
21.GS.C6.SN.Student2.IB-plant3231-TMS21F2236P0044,TMS21F2236P0044,3231,1,,1,,,,,,
21.GS.C6.SN.Student2.IB-plant3232-TMS21F2236P0045,TMS21F2236P0045,3232,1,,1,,,,,,
21.GS.C6.SN.Student2.IB-plant3233-TMS21F2236P0046,TMS21F2236P0046,3233,1,,1,,,,,,
21.GS.C6.SN.Student2.IB-plant3234-TMS21F2236P0047,TMS21F2236P0047,3234,1,,1,,,,,,
21.GS.C6.SN.Student2.IB-plant3235-TMS21F2236P0048,TMS21F2236P0048,3235,1,,1,,,,,,
21.GS.C6.SN.Student2.IB-plant3236-TMS21F2236P0049,TMS21F2236P0049,3236,1,,1,,,,,,
21.GS.C6.SN.Student2.IB-plant3237-TMS21F2236P0050,TMS21F2236P0050,3237,1,,1,,,,,,
21.GS.C6.SN.Student2.IB-plant3238-TMS21F2236P0051,TMS21F2236P0051,3238,1,,1,,,,,,
21.GS.C6.SN.Student2.IB-plant3239-TMS21F2236P0052,TMS21F2236P0052,3239,1,,1,,,,,,
21.GS.C6.SN.Student2.IB-plant3240-TMS21F2236P0053,TMS21F2236P0053,3240,1,,1,,,,,,
21.GS.C6.SN.Student2.IB-plant3241-TMS21F2236P0054,TMS21F2236P0054,3241,1,,1,,,,,,
21.GS.C6.SN.Student2.IB-plant3242-TMS21F2236P0055,TMS21F2236P0055,3242,1,,1,,,,,,
21.GS.C6.SN.Student2.IB-plant3243-TMS21F2236P0056,TMS21F2236P0056,3243,1,,1,,,,,,
21.GS.C6.SN.Student2.IB-plant3244-TMS21F2236P0057,TMS21F2236P0057,3244,1,,1,,,,,,
21.GS.C6.SN.Student2.IB-plant3245-TMS21F2236P0058,TMS21F2236P0058,3245,1,,1,,,,,,
21.GS.C6.SN.Student2.IB-plant3246-TMS21F2236P0059,TMS21F2236P0059,3246,1,,1,,,,,,
21.GS.C6.SN.Student2.IB-plant3247-TMS21F2236P0060,TMS21F2236P0060,3247,1,,1,,,,,,
21.GS.C6.SN.Student2.IB-plant3248-TMS21F2236P0061,TMS21F2236P0061,3248,1,,1,,,,,,
21.GS.C6.SN.Student2.IB-plant3249-TMS21F2236P0062,TMS21F2236P0062,3249,1,,1,,,,,,
21.GS.C6.SN.Student2.IB-plant3250-TMS21F2236P0063,TMS21F2236P0063,3250,1,,1,,,,,,
21.GS.C6.SN.Student2.IB-plant3251-TMS21F2236P0064,TMS21F2236P0064,3251,1,,1,,,,,,
21.GS.C6.SN.Student2.IB-plant3252-TMS21F2236P0065,TMS21F2236P0065,3252,1,,1,,,,,,
21.GS.C6.SN.Student2.IB-plant3253-TMS21F2236P0066,TMS21F2236P0066,3253,1,,1,,,,,,
21.GS.C6.SN.Student2.IB-plant3254-TMS21F2236P0067,TMS21F2236P0067,3254,1,,1,,,,,,
21.GS.C6.SN.Student2.IB-plant3255-TMS21F2236P0068,TMS21F2236P0068,3255,1,,1,,,,,,
21.GS.C6.SN.Student2.IB-plant3256-TMS21F2236P0069,TMS21F2236P0069,3256,1,,1,,,,,,
21.GS.C6.SN.Student2.IB-plant3257-TMS21F2236P0070,TMS21F2236P0070,3257,1,,1,,,,,,
21.GS.C6.SN.Student2.IB-plant3258-TMS21F2236P0071,TMS21F2236P0071,3258,1,,1,,,,,,
21.GS.C6.SN.Student2.IB-plant3259-TMS21F2236P0072,TMS21F2236P0072,3259,1,,1,,,,,,
21.GS.C6.SN.Student2.IB-plant3260-TMS21F2236P0073,TMS21F2236P0073,3260,1,,1,,,,,,
21.GS.C6.SN.Student2.IB-plant3261-TMS21F2236P0074,TMS21F2236P0074,3261,1,,1,,,,,,
21.GS.C6.SN.Student2.IB-plant3262-TMS21F2236P0075,TMS21F2236P0075,3262,1,,1,,,,,,
21.GS.C6.SN.Student2.IB-plant3263-TMS21F2236P0076,TMS21F2236P0076,3263,1,,1,,,,,,
21.GS.C6.SN.Student2.IB-plant3264-TMS21F2236P0077,TMS21F2236P0077,3264,1,,1,,,,,,
21.GS.C6.SN.Student2.IB-plant3265-TMS21F2236P0078,TMS21F2236P0078,3265,1,,1,,,,,,
21.GS.C6.SN.Student2.IB-plant3266-TMS21F2236P0079,TMS21F2236P0079,3266,1,,1,,,,,,
21.GS.C6.SN.Student2.IB-plant3267-TMS21F2236P0080,TMS21F2236P0080,3267,1,,1,,,,,,
21.GS.C6.SN.Student2.IB-plant3268-TMS21F2236P0081,TMS21F2236P0081,3268,1,,1,,,,,,
21.GS.C6.SN.Student2.IB-plant3269-TMS21F2236P0082,TMS21F2236P0082,3269,1,,1,,,,,,
21.GS.C6.SN.Student2.IB-plant3270-TMS21F2236P0083,TMS21F2236P0083,3270,1,,1,,,,,,
21.GS.C6.SN.Student2.IB-plant3271-TMS21F2236P0084,TMS21F2236P0084,3271,1,,1,,,,,,
21.GS.C6.SN.Student2.IB-plant3272-TMS21F2236P0085,TMS21F2236P0085,3272,1,,1,,,,,,
21.GS.C6.SN.Student2.IB-plant3273-TMS21F2236P0086,TMS21F2236P0086,3273,1,,1,,,,,,
21.GS.C6.SN.Student2.IB-plant3274-TMS21F2236P0087,TMS21F2236P0087,3274,1,,1,,,,,,
21.GS.C6.SN.Student2.IB-plant3275-TMS21F2236P0088,TMS21F2236P0088,3275,1,,1,,,,,,
21.GS.C6.SN.Student2.IB-plant3276-TMS21F2236P0089,TMS21F2236P0089,3276,1,,1,,,,,,
21.GS.C6.SN.Student2.IB-plant3277-TMS21F2236P0090,TMS21F2236P0090,3277,1,,1,,,,,,
21.GS.C6.SN.Student2.IB-plant3278-TMS21F2236P0091,TMS21F2236P0091,3278,1,,1,,,,,,
21.GS.C6.SN.Student2.IB-plant3279-TMS21F2236P0092,TMS21F2236P0092,3279,1,,1,,,,,,
21.GS.C6.SN.Student2.IB-plant3280-TMS21F2236P0093,TMS21F2236P0093,3280,1,,1,,,,,,
21.GS.C6.SN.Student2.IB-plant3281-TMS21F2236P0094,TMS21F2236P0094,3281,1,,1,,,,,,
21.GS.C6.SN.Student2.IB-plant3282-TMS21F2236P0095,TMS21F2236P0095,3282,1,,1,,,,,,
21.GS.C6.SN.Student2.IB-plant3283-TMS21F2236P0096,TMS21F2236P0096,3283,1,,1,,,,,,
21.GS.C6.SN.Student2.IB-plant3284-TMS21F2237P0001,TMS21F2237P0001,3284,1,,1,,,,,,
21.GS.C6.SN.Student2.IB-plant3285-TMS21F2237P0002,TMS21F2237P0002,3285,1,,1,,,,,,
21.GS.C6.SN.Student2.IB-plant3286-TMS21F2237P0003,TMS21F2237P0003,3286,1,,1,,,,,,
21.GS.C6.SN.Student2.IB-plant3287-TMS21F2237P0004,TMS21F2237P0004,3287,1,,1,,,,,,
21.GS.C6.SN.Student2.IB-plant3288-TMS21F2237P0005,TMS21F2237P0005,3288,1,,1,,,,,,
21.GS.C6.SN.Student2.IB-plant3289-TMS21F2237P0006,TMS21F2237P0006,3289,1,,1,,,,,,
21.GS.C6.SN.Student2.IB-plant3290-TMS21F2237P0007,TMS21F2237P0007,3290,1,,1,,,,,,
21.GS.C6.SN.Student2.IB-plant3291-TMS21F2237P0008,TMS21F2237P0008,3291,1,,1,,,,,,
21.GS.C6.SN.Student2.IB-plant3292-TMS21F2237P0009,TMS21F2237P0009,3292,1,,1,,,,,,
21.GS.C6.SN.Student2.IB-plant3293-TMS21F2237P0010,TMS21F2237P0010,3293,1,,1,,,,,,
21.GS.C6.SN.Student2.IB-plant3294-TMS21F2237P0011,TMS21F2237P0011,3294,1,,1,,,,,,
21.GS.C6.SN.Student2.IB-plant3295-TMS21F2237P0012,TMS21F2237P0012,3295,1,,1,,,,,,
21.GS.C6.SN.Student2.IB-plant3296-TMS21F2237P0013,TMS21F2237P0013,3296,1,,1,,,,,,
21.GS.C6.SN.Student2.IB-plant3297-TMS21F2237P0014,TMS21F2237P0014,3297,1,,1,,,,,,
21.GS.C6.SN.Student2.IB-plant3298-TMS21F2237P0015,TMS21F2237P0015,3298,1,,1,,,,,,
21.GS.C6.SN.Student2.IB-plant3299-TMS21F2237P0016,TMS21F2237P0016,3299,1,,1,,,,,,
21.GS.C6.SN.Student2.IB-plant3300-TMS21F2237P0017,TMS21F2237P0017,3300,1,,1,,,,,,
21.GS.C6.SN.Student2.IB-plant3301-TMS21F2237P0018,TMS21F2237P0018,3301,1,,1,,,,,,
21.GS.C6.SN.Student2.IB-plant3302-TMS21F2237P0019,TMS21F2237P0019,3302,1,,1,,,,,,
21.GS.C6.SN.Student2.IB-plant3303-TMS21F2237P0020,TMS21F2237P0020,3303,1,,1,,,,,,
21.GS.C6.SN.Student2.IB-plant3304-TMS21F2237P0021,TMS21F2237P0021,3304,1,,1,,,,,,
21.GS.C6.SN.Student2.IB-plant3305-TMS21F2237P0022,TMS21F2237P0022,3305,1,,1,,,,,,
21.GS.C6.SN.Student2.IB-plant3306-TMS21F2237P0023,TMS21F2237P0023,3306,1,,1,,,,,,
21.GS.C6.SN.Student2.IB-plant3307-TMS21F2237P0024,TMS21F2237P0024,3307,1,,1,,,,,,
21.GS.C6.SN.Student2.IB-plant3308-TMS21F2237P0025,TMS21F2237P0025,3308,1,,1,,,,,,
21.GS.C6.SN.Student2.IB-plant3309-TMS21F2237P0026,TMS21F2237P0026,3309,1,,1,,,,,,
21.GS.C6.SN.Student2.IB-plant3310-TMS21F2237P0027,TMS21F2237P0027,3310,1,,1,,,,,,
21.GS.C6.SN.Student2.IB-plant3311-TMS21F2237P0028,TMS21F2237P0028,3311,1,,1,,,,,,
21.GS.C6.SN.Student2.IB-plant3312-TMS21F2237P0029,TMS21F2237P0029,3312,1,,1,,,,,,
21.GS.C6.SN.Student2.IB-plant3313-TMS21F2237P0030,TMS21F2237P0030,3313,1,,1,,,,,,
21.GS.C6.SN.Student2.IB-plant3314-TMS21F2237P0031,TMS21F2237P0031,3314,1,,1,,,,,,
21.GS.C6.SN.Student2.IB-plant3315-TMS21F2237P0032,TMS21F2237P0032,3315,1,,1,,,,,,
21.GS.C6.SN.Student2.IB-plant3316-TMS21F2237P0033,TMS21F2237P0033,3316,1,,1,,,,,,
21.GS.C6.SN.Student2.IB-plant3317-TMS21F2237P0034,TMS21F2237P0034,3317,1,,1,,,,,,
21.GS.C6.SN.Student2.IB-plant3318-TMS21F2237P0035,TMS21F2237P0035,3318,1,,1,,,,,,
21.GS.C6.SN.Student2.IB-plant3319-TMS21F2237P0036,TMS21F2237P0036,3319,1,,1,,,,,,
21.GS.C6.SN.Student2.IB-plant3320-TMS21F2237P0037,TMS21F2237P0037,3320,1,,1,,,,,,
21.GS.C6.SN.Student2.IB-plant3321-TMS21F2237P0038,TMS21F2237P0038,3321,1,,1,,,,,,
21.GS.C6.SN.Student2.IB-plant3322-TMS21F2237P0039,TMS21F2237P0039,3322,1,,1,,,,,,
21.GS.C6.SN.Student2.IB-plant3323-TMS21F2237P0040,TMS21F2237P0040,3323,1,,1,,,,,,
21.GS.C6.SN.Student2.IB-plant3324-TMS21F2237P0041,TMS21F2237P0041,3324,1,,1,,,,,,
21.GS.C6.SN.Student2.IB-plant3325-TMS21F2237P0042,TMS21F2237P0042,3325,1,,1,,,,,,
21.GS.C6.SN.Student2.IB-plant3326-TMS21F2237P0043,TMS21F2237P0043,3326,1,,1,,,,,,
21.GS.C6.SN.Student2.IB-plant3327-TMS21F2237P0044,TMS21F2237P0044,3327,1,,1,,,,,,
21.GS.C6.SN.Student2.IB-plant3328-TMS21F2237P0045,TMS21F2237P0045,3328,1,,1,,,,,,
21.GS.C6.SN.Student2.IB-plant3329-TMS21F2237P0046,TMS21F2237P0046,3329,1,,1,,,,,,
21.GS.C6.SN.Student2.IB-plant3330-TMS21F2237P0047,TMS21F2237P0047,3330,1,,1,,,,,,
21.GS.C6.SN.Student2.IB-plant3331-TMS21F2237P0048,TMS21F2237P0048,3331,1,,1,,,,,,
21.GS.C6.SN.Student2.IB-plant3332-TMS21F2237P0049,TMS21F2237P0049,3332,1,,1,,,,,,
21.GS.C6.SN.Student2.IB-plant3333-TMS21F2237P0050,TMS21F2237P0050,3333,1,,1,,,,,,
21.GS.C6.SN.Student2.IB-plant3334-TMS21F2237P0051,TMS21F2237P0051,3334,1,,1,,,,,,
21.GS.C6.SN.Student2.IB-plant3335-TMS21F2237P0052,TMS21F2237P0052,3335,1,,1,,,,,,
21.GS.C6.SN.Student2.IB-plant3336-TMS21F2237P0053,TMS21F2237P0053,3336,1,,1,,,,,,
21.GS.C6.SN.Student2.IB-plant3337-TMS21F2237P0054,TMS21F2237P0054,3337,1,,1,,,,,,
21.GS.C6.SN.Student2.IB-plant3338-TMS21F2237P0055,TMS21F2237P0055,3338,1,,1,,,,,,
21.GS.C6.SN.Student2.IB-plant3339-TMS21F2237P0056,TMS21F2237P0056,3339,1,,1,,,,,,
21.GS.C6.SN.Student2.IB-plant3340-TMS21F2237P0057,TMS21F2237P0057,3340,1,,1,,,,,,
21.GS.C6.SN.Student2.IB-plant3341-TMS21F2237P0058,TMS21F2237P0058,3341,1,,1,,,,,,
21.GS.C6.SN.Student2.IB-plant3342-TMS21F2237P0059,TMS21F2237P0059,3342,1,,1,,,,,,
21.GS.C6.SN.Student2.IB-plant3343-TMS21F2237P0060,TMS21F2237P0060,3343,1,,1,,,,,,
21.GS.C6.SN.Student2.IB-plant3344-TMS21F2237P0061,TMS21F2237P0061,3344,1,,1,,,,,,
21.GS.C6.SN.Student2.IB-plant3345-TMS21F2237P0062,TMS21F2237P0062,3345,1,,1,,,,,,
21.GS.C6.SN.Student2.IB-plant3346-TMS21F2237P0063,TMS21F2237P0063,3346,1,,1,,,,,,
21.GS.C6.SN.Student2.IB-plant3347-TMS21F2237P0064,TMS21F2237P0064,3347,1,,1,,,,,,
21.GS.C6.SN.Student2.IB-plant3348-TMS21F2237P0065,TMS21F2237P0065,3348,1,,1,,,,,,
21.GS.C6.SN.Student2.IB-plant3349-TMS21F2237P0066,TMS21F2237P0066,3349,1,,1,,,,,,
21.GS.C6.SN.Student2.IB-plant3350-TMS21F2237P0067,TMS21F2237P0067,3350,1,,1,,,,,,
21.GS.C6.SN.Student2.IB-plant3351-TMS21F2237P0068,TMS21F2237P0068,3351,1,,1,,,,,,
21.GS.C6.SN.Student2.IB-plant3352-TMS21F2237P0069,TMS21F2237P0069,3352,1,,1,,,,,,
21.GS.C6.SN.Student2.IB-plant3353-TMS21F2237P0070,TMS21F2237P0070,3353,1,,1,,,,,,
21.GS.C6.SN.Student2.IB-plant3354-TMS21F2237P0071,TMS21F2237P0071,3354,1,,1,,,,,,
21.GS.C6.SN.Student2.IB-plant3355-TMS21F2237P0072,TMS21F2237P0072,3355,1,,1,,,,,,
21.GS.C6.SN.Student2.IB-plant3356-TMS21F2237P0073,TMS21F2237P0073,3356,1,,1,,,,,,
21.GS.C6.SN.Student2.IB-plant3357-TMS21F2237P0074,TMS21F2237P0074,3357,1,,1,,,,,,
21.GS.C6.SN.Student2.IB-plant3358-TMS21F2237P0075,TMS21F2237P0075,3358,1,,1,,,,,,
21.GS.C6.SN.Student2.IB-plant3359-TMS21F2237P0076,TMS21F2237P0076,3359,1,,1,,,,,,
21.GS.C6.SN.Student2.IB-plant3360-TMS21F2237P0077,TMS21F2237P0077,3360,1,,1,,,,,,
21.GS.C6.SN.Student2.IB-plant3361-TMS21F2237P0078,TMS21F2237P0078,3361,1,,1,,,,,,
21.GS.C6.SN.Student2.IB-plant3362-TMS21F2237P0079,TMS21F2237P0079,3362,1,,1,,,,,,
21.GS.C6.SN.Student2.IB-plant3363-TMS21F2237P0080,TMS21F2237P0080,3363,1,,1,,,,,,
21.GS.C6.SN.Student2.IB-plant3364-TMS21F2237P0081,TMS21F2237P0081,3364,1,,1,,,,,,
21.GS.C6.SN.Student2.IB-plant3365-TMS21F2237P0082,TMS21F2237P0082,3365,1,,1,,,,,,
21.GS.C6.SN.Student2.IB-plant3366-TMS21F2237P0083,TMS21F2237P0083,3366,1,,1,,,,,,
21.GS.C6.SN.Student2.IB-plant3367-TMS21F2237P0084,TMS21F2237P0084,3367,1,,1,,,,,,
21.GS.C6.SN.Student2.IB-plant3368-TMS21F2237P0085,TMS21F2237P0085,3368,1,,1,,,,,,
21.GS.C6.SN.Student2.IB-plant3369-TMS21F2237P0086,TMS21F2237P0086,3369,1,,1,,,,,,
21.GS.C6.SN.Student2.IB-plant3370-TMS21F2237P0087,TMS21F2237P0087,3370,1,,1,,,,,,
21.GS.C6.SN.Student2.IB-plant3371-TMS21F2237P0088,TMS21F2237P0088,3371,1,,1,,,,,,
21.GS.C6.SN.Student2.IB-plant3372-TMS21F2237P0089,TMS21F2237P0089,3372,1,,1,,,,,,
21.GS.C6.SN.Student2.IB-plant3373-TMS21F2238P0001,TMS21F2238P0001,3373,1,,1,,,,,,
21.GS.C6.SN.Student2.IB-plant3374-TMS21F2238P0002,TMS21F2238P0002,3374,1,,1,,,,,,
21.GS.C6.SN.Student2.IB-plant3375-TMS21F2238P0003,TMS21F2238P0003,3375,1,,1,,,,,,
21.GS.C6.SN.Student2.IB-plant3376-TMS21F2238P0004,TMS21F2238P0004,3376,1,,1,,,,,,
21.GS.C6.SN.Student2.IB-plant3377-TMS21F2238P0005,TMS21F2238P0005,3377,1,,1,,,,,,
21.GS.C6.SN.Student2.IB-plant3378-TMS21F2238P0006,TMS21F2238P0006,3378,1,,1,,,,,,
21.GS.C6.SN.Student2.IB-plant3379-TMS21F2238P0007,TMS21F2238P0007,3379,1,,1,,,,,,
21.GS.C6.SN.Student2.IB-plant3380-TMS21F2238P0008,TMS21F2238P0008,3380,1,,1,,,,,,
21.GS.C6.SN.Student2.IB-plant3381-TMS21F2238P0009,TMS21F2238P0009,3381,1,,1,,,,,,
21.GS.C6.SN.Student2.IB-plant3382-TMS21F2238P0010,TMS21F2238P0010,3382,1,,1,,,,,,
21.GS.C6.SN.Student2.IB-plant3383-TMS21F2238P0011,TMS21F2238P0011,3383,1,,1,,,,,,
21.GS.C6.SN.Student2.IB-plant3384-TMS21F2238P0012,TMS21F2238P0012,3384,1,,1,,,,,,
21.GS.C6.SN.Student2.IB-plant3385-TMS21F2238P0013,TMS21F2238P0013,3385,1,,1,,,,,,
21.GS.C6.SN.Student2.IB-plant3386-TMS21F2238P0014,TMS21F2238P0014,3386,1,,1,,,,,,
21.GS.C6.SN.Student2.IB-plant3387-TMS21F2238P0015,TMS21F2238P0015,3387,1,,1,,,,,,
21.GS.C6.SN.Student2.IB-plant3388-TMS21F2238P0016,TMS21F2238P0016,3388,1,,1,,,,,,
21.GS.C6.SN.Student2.IB-plant3389-TMS21F2238P0017,TMS21F2238P0017,3389,1,,1,,,,,,
21.GS.C6.SN.Student2.IB-plant3390-TMS21F2238P0018,TMS21F2238P0018,3390,1,,1,,,,,,
21.GS.C6.SN.Student2.IB-plant3391-TMS21F2238P0019,TMS21F2238P0019,3391,1,,1,,,,,,
21.GS.C6.SN.Student2.IB-plant3392-TMS21F2238P0020,TMS21F2238P0020,3392,1,,1,,,,,,
21.GS.C6.SN.Student2.IB-plant3393-TMS21F2238P0021,TMS21F2238P0021,3393,1,,1,,,,,,
21.GS.C6.SN.Student2.IB-plant3394-TMS21F2238P0022,TMS21F2238P0022,3394,1,,1,,,,,,
21.GS.C6.SN.Student2.IB-plant3395-TMS21F2238P0023,TMS21F2238P0023,3395,1,,1,,,,,,
21.GS.C6.SN.Student2.IB-plant3396-TMS21F2238P0024,TMS21F2238P0024,3396,1,,1,,,,,,
21.GS.C6.SN.Student2.IB-plant3397-TMS21F2238P0025,TMS21F2238P0025,3397,1,,1,,,,,,
21.GS.C6.SN.Student2.IB-plant3398-TMS21F2238P0026,TMS21F2238P0026,3398,1,,1,,,,,,
21.GS.C6.SN.Student2.IB-plant3399-TMS21F2238P0027,TMS21F2238P0027,3399,1,,1,,,,,,
21.GS.C6.SN.Student2.IB-plant3400-TMS21F2238P0028,TMS21F2238P0028,3400,1,,1,,,,,,
21.GS.C6.SN.Student2.IB-plant3401-TMS21F2238P0029,TMS21F2238P0029,3401,1,,1,,,,,,
21.GS.C6.SN.Student2.IB-plant3402-TMS21F2238P0030,TMS21F2238P0030,3402,1,,1,,,,,,
21.GS.C6.SN.Student2.IB-plant3403-TMS21F2238P0031,TMS21F2238P0031,3403,1,,1,,,,,,
21.GS.C6.SN.Student2.IB-plant3404-TMS21F2238P0032,TMS21F2238P0032,3404,1,,1,,,,,,
21.GS.C6.SN.Student2.IB-plant3405-TMS21F2238P0033,TMS21F2238P0033,3405,1,,1,,,,,,
21.GS.C6.SN.Student2.IB-plant3406-TMS21F2238P0034,TMS21F2238P0034,3406,1,,1,,,,,,
21.GS.C6.SN.Student2.IB-plant3407-TMS21F2238P0035,TMS21F2238P0035,3407,1,,1,,,,,,
21.GS.C6.SN.Student2.IB-plant3408-TMS21F2238P0036,TMS21F2238P0036,3408,1,,1,,,,,,
21.GS.C6.SN.Student2.IB-plant3409-TMS21F2238P0037,TMS21F2238P0037,3409,1,,1,,,,,,
21.GS.C6.SN.Student2.IB-plant3410-TMS21F2238P0038,TMS21F2238P0038,3410,1,,1,,,,,,
21.GS.C6.SN.Student2.IB-plant3411-TMS21F2238P0039,TMS21F2238P0039,3411,1,,1,,,,,,
21.GS.C6.SN.Student2.IB-plant3412-TMS21F2238P0040,TMS21F2238P0040,3412,1,,1,,,,,,
21.GS.C6.SN.Student2.IB-plant3413-TMS21F2238P0041,TMS21F2238P0041,3413,1,,1,,,,,,
21.GS.C6.SN.Student2.IB-plant3414-TMS21F2238P0042,TMS21F2238P0042,3414,1,,1,,,,,,
21.GS.C6.SN.Student2.IB-plant3415-TMS21F2238P0043,TMS21F2238P0043,3415,1,,1,,,,,,
21.GS.C6.SN.Student2.IB-plant3416-TMS21F2238P0044,TMS21F2238P0044,3416,1,,1,,,,,,
21.GS.C6.SN.Student2.IB-plant3417-TMS21F2238P0045,TMS21F2238P0045,3417,1,,1,,,,,,
21.GS.C6.SN.Student2.IB-plant3418-TMS21F2238P0046,TMS21F2238P0046,3418,1,,1,,,,,,
21.GS.C6.SN.Student2.IB-plant3419-TMS21F2238P0047,TMS21F2238P0047,3419,1,,1,,,,,,
21.GS.C6.SN.Student2.IB-plant3420-TMS21F2238P0048,TMS21F2238P0048,3420,1,,1,,,,,,
21.GS.C6.SN.Student2.IB-plant3421-TMS21F2238P0049,TMS21F2238P0049,3421,1,,1,,,,,,
21.GS.C6.SN.Student2.IB-plant3422-TMS21F2238P0050,TMS21F2238P0050,3422,1,,1,,,,,,
21.GS.C6.SN.Student2.IB-plant3423-TMS21F2238P0051,TMS21F2238P0051,3423,1,,1,,,,,,
21.GS.C6.SN.Student2.IB-plant3424-TMS21F2238P0052,TMS21F2238P0052,3424,1,,1,,,,,,
21.GS.C6.SN.Student2.IB-plant3425-TMS21F2238P0053,TMS21F2238P0053,3425,1,,1,,,,,,
21.GS.C6.SN.Student2.IB-plant3426-TMS21F2238P0054,TMS21F2238P0054,3426,1,,1,,,,,,
21.GS.C6.SN.Student2.IB-plant3427-TMS21F2238P0055,TMS21F2238P0055,3427,1,,1,,,,,,
21.GS.C6.SN.Student2.IB-plant3428-TMS21F2238P0056,TMS21F2238P0056,3428,1,,1,,,,,,
21.GS.C6.SN.Student2.IB-plant3429-TMS21F2238P0057,TMS21F2238P0057,3429,1,,1,,,,,,
21.GS.C6.SN.Student2.IB-plant3430-TMS21F2238P0058,TMS21F2238P0058,3430,1,,1,,,,,,
21.GS.C6.SN.Student2.IB-plant3431-TMS21F2238P0059,TMS21F2238P0059,3431,1,,1,,,,,,
21.GS.C6.SN.Student2.IB-plant3432-TMS21F2238P0060,TMS21F2238P0060,3432,1,,1,,,,,,
21.GS.C6.SN.Student2.IB-plant3433-TMS21F2238P0061,TMS21F2238P0061,3433,1,,1,,,,,,
21.GS.C6.SN.Student2.IB-plant3434-TMS21F2238P0062,TMS21F2238P0062,3434,1,,1,,,,,,
21.GS.C6.SN.Student2.IB-plant3435-TMS21F2238P0063,TMS21F2238P0063,3435,1,,1,,,,,,
21.GS.C6.SN.Student2.IB-plant3436-TMS21F2238P0064,TMS21F2238P0064,3436,1,,1,,,,,,
21.GS.C6.SN.Student2.IB-plant3437-TMS21F2238P0065,TMS21F2238P0065,3437,1,,1,,,,,,
21.GS.C6.SN.Student2.IB-plant3438-TMS21F2238P0066,TMS21F2238P0066,3438,1,,1,,,,,,
21.GS.C6.SN.Student2.IB-plant3439-TMS21F2238P0067,TMS21F2238P0067,3439,1,,1,,,,,,
21.GS.C6.SN.Student2.IB-plant3440-TMS21F2238P0068,TMS21F2238P0068,3440,1,,1,,,,,,
21.GS.C6.SN.Student2.IB-plant3441-TMS21F2238P0069,TMS21F2238P0069,3441,1,,1,,,,,,
21.GS.C6.SN.Student2.IB-plant3442-TMS21F2238P0070,TMS21F2238P0070,3442,1,,1,,,,,,
21.GS.C6.SN.Student2.IB-plant3443-TMS21F2238P0071,TMS21F2238P0071,3443,1,,1,,,,,,
21.GS.C6.SN.Student2.IB-plant3444-TMS21F2238P0072,TMS21F2238P0072,3444,1,,1,,,,,,
21.GS.C6.SN.Student2.IB-plant3445-TMS21F2238P0073,TMS21F2238P0073,3445,1,,1,,,,,,
21.GS.C6.SN.Student2.IB-plant3446-TMS21F2238P0074,TMS21F2238P0074,3446,1,,1,,,,,,
21.GS.C6.SN.Student2.IB-plant3447-TMS21F2238P0075,TMS21F2238P0075,3447,1,,1,,,,,,
21.GS.C6.SN.Student2.IB-plant3448-TMS21F2238P0076,TMS21F2238P0076,3448,1,,1,,,,,,
21.GS.C6.SN.Student2.IB-plant3449-TMS21F2238P0077,TMS21F2238P0077,3449,1,,1,,,,,,
21.GS.C6.SN.Student2.IB-plant3450-TMS21F2238P0078,TMS21F2238P0078,3450,1,,1,,,,,,
21.GS.C6.SN.Student2.IB-plant3451-TMS21F2238P0079,TMS21F2238P0079,3451,1,,1,,,,,,
21.GS.C6.SN.Student2.IB-plant3452-TMS21F2238P0080,TMS21F2238P0080,3452,1,,1,,,,,,
21.GS.C6.SN.Student2.IB-plant3453-TMS21F2238P0081,TMS21F2238P0081,3453,1,,1,,,,,,
21.GS.C6.SN.Student2.IB-plant3454-TMS21F2238P0082,TMS21F2238P0082,3454,1,,1,,,,,,
21.GS.C6.SN.Student2.IB-plant3455-TMS21F2238P0083,TMS21F2238P0083,3455,1,,1,,,,,,
21.GS.C6.SN.Student2.IB-plant3456-TMS21F2238P0084,TMS21F2238P0084,3456,1,,1,,,,,,
21.GS.C6.SN.Student2.IB-plant3457-TMS21F2238P0085,TMS21F2238P0085,3457,1,,1,,,,,,
21.GS.C6.SN.Student2.IB-plant3458-TMS21F2238P0086,TMS21F2238P0086,3458,1,,1,,,,,,
21.GS.C6.SN.Student2.IB-plant3459-TMS21F2238P0087,TMS21F2238P0087,3459,1,,1,,,,,,
21.GS.C6.SN.Student2.IB-plant3460-TMS21F2238P0088,TMS21F2238P0088,3460,1,,1,,,,,,
21.GS.C6.SN.Student2.IB-plant3461-TMS21F2238P0089,TMS21F2238P0089,3461,1,,1,,,,,,
21.GS.C6.SN.Student2.IB-plant3462-TMS21F2238P0090,TMS21F2238P0090,3462,1,,1,,,,,,
21.GS.C6.SN.Student2.IB-plant3463-TMS21F2238P0091,TMS21F2238P0091,3463,1,,1,,,,,,
21.GS.C6.SN.Student2.IB-plant3464-TMS21F2238P0092,TMS21F2238P0092,3464,1,,1,,,,,,
21.GS.C6.SN.Student2.IB-plant3465-TMS21F2238P0093,TMS21F2238P0093,3465,1,,1,,,,,,
21.GS.C6.SN.Student2.IB-plant3466-TMS21F2238P0094,TMS21F2238P0094,3466,1,,1,,,,,,
21.GS.C6.SN.Student2.IB-plant3467-TMS21F2238P0095,TMS21F2238P0095,3467,1,,1,,,,,,
21.GS.C6.SN.Student2.IB-plant3468-TMS21F2238P0096,TMS21F2238P0096,3468,1,,1,,,,,,
21.GS.C6.SN.Student2.IB-plant3469-TMS21F2238P0097,TMS21F2238P0097,3469,1,,1,,,,,,
21.GS.C6.SN.Student2.IB-plant3470-TMS21F2238P0098,TMS21F2238P0098,3470,1,,1,,,,,,
21.GS.C6.SN.Student2.IB-plant3471-TMS21F2238P0099,TMS21F2238P0099,3471,1,,1,,,,,,
21.GS.C6.SN.Student2.IB-plant3472-TMS21F2239P0001,TMS21F2239P0001,3472,1,,1,,,,,,
21.GS.C6.SN.Student2.IB-plant3473-TMS21F2239P0002,TMS21F2239P0002,3473,1,,1,,,,,,
21.GS.C6.SN.Student2.IB-plant3474-TMS21F2239P0003,TMS21F2239P0003,3474,1,,1,,,,,,
21.GS.C6.SN.Student2.IB-plant3475-TMS21F2239P0004,TMS21F2239P0004,3475,1,,1,,,,,,
21.GS.C6.SN.Student2.IB-plant3476-TMS21F2239P0005,TMS21F2239P0005,3476,1,,1,,,,,,
21.GS.C6.SN.Student2.IB-plant3477-TMS21F2239P0006,TMS21F2239P0006,3477,1,,1,,,,,,
21.GS.C6.SN.Student2.IB-plant3478-TMS21F2239P0007,TMS21F2239P0007,3478,1,,1,,,,,,
21.GS.C6.SN.Student2.IB-plant3479-TMS21F2239P0008,TMS21F2239P0008,3479,1,,1,,,,,,
21.GS.C6.SN.Student2.IB-plant3480-TMS21F2239P0009,TMS21F2239P0009,3480,1,,1,,,,,,
21.GS.C6.SN.Student2.IB-plant3481-TMS21F2239P0010,TMS21F2239P0010,3481,1,,1,,,,,,
21.GS.C6.SN.Student2.IB-plant3482-TMS21F2239P0011,TMS21F2239P0011,3482,1,,1,,,,,,
21.GS.C6.SN.Student2.IB-plant3483-TMS21F2239P0012,TMS21F2239P0012,3483,1,,1,,,,,,
21.GS.C6.SN.Student2.IB-plant3484-TMS21F2239P0013,TMS21F2239P0013,3484,1,,1,,,,,,
21.GS.C6.SN.Student2.IB-plant3485-TMS21F2239P0014,TMS21F2239P0014,3485,1,,1,,,,,,
21.GS.C6.SN.Student2.IB-plant3486-TMS21F2239P0015,TMS21F2239P0015,3486,1,,1,,,,,,
21.GS.C6.SN.Student2.IB-plant3487-TMS21F2239P0016,TMS21F2239P0016,3487,1,,1,,,,,,
21.GS.C6.SN.Student2.IB-plant3488-TMS21F2239P0017,TMS21F2239P0017,3488,1,,1,,,,,,
21.GS.C6.SN.Student2.IB-plant3489-TMS21F2239P0018,TMS21F2239P0018,3489,1,,1,,,,,,
21.GS.C6.SN.Student2.IB-plant3490-TMS21F2239P0019,TMS21F2239P0019,3490,1,,1,,,,,,
21.GS.C6.SN.Student2.IB-plant3491-TMS21F2239P0020,TMS21F2239P0020,3491,1,,1,,,,,,
21.GS.C6.SN.Student2.IB-plant3492-TMS21F2239P0021,TMS21F2239P0021,3492,1,,1,,,,,,
21.GS.C6.SN.Student2.IB-plant3493-TMS21F2239P0022,TMS21F2239P0022,3493,1,,1,,,,,,
21.GS.C6.SN.Student2.IB-plant3494-TMS21F2239P0023,TMS21F2239P0023,3494,1,,1,,,,,,
21.GS.C6.SN.Student2.IB-plant3495-TMS21F2239P0024,TMS21F2239P0024,3495,1,,1,,,,,,
21.GS.C6.SN.Student2.IB-plant3496-TMS21F2239P0025,TMS21F2239P0025,3496,1,,1,,,,,,
21.GS.C6.SN.Student2.IB-plant3497-TMS21F2239P0026,TMS21F2239P0026,3497,1,,1,,,,,,
21.GS.C6.SN.Student2.IB-plant3498-TMS21F2239P0027,TMS21F2239P0027,3498,1,,1,,,,,,
21.GS.C6.SN.Student2.IB-plant3499-TMS21F2239P0028,TMS21F2239P0028,3499,1,,1,,,,,,
21.GS.C6.SN.Student2.IB-plant3500-TMS21F2239P0029,TMS21F2239P0029,3500,1,,1,,,,,,
21.GS.C6.SN.Student2.IB-plant3501-TMS21F2239P0030,TMS21F2239P0030,3501,1,,1,,,,,,
21.GS.C6.SN.Student2.IB-plant3502-TMS21F2239P0031,TMS21F2239P0031,3502,1,,1,,,,,,
21.GS.C6.SN.Student2.IB-plant3503-TMS21F2239P0032,TMS21F2239P0032,3503,1,,1,,,,,,
21.GS.C6.SN.Student2.IB-plant3504-TMS21F2239P0033,TMS21F2239P0033,3504,1,,1,,,,,,
21.GS.C6.SN.Student2.IB-plant3505-TMS21F2239P0034,TMS21F2239P0034,3505,1,,1,,,,,,
21.GS.C6.SN.Student2.IB-plant3506-TMS21F2239P0035,TMS21F2239P0035,3506,1,,1,,,,,,
21.GS.C6.SN.Student2.IB-plant3507-TMS21F2239P0036,TMS21F2239P0036,3507,1,,1,,,,,,
21.GS.C6.SN.Student2.IB-plant3508-TMS21F2239P0037,TMS21F2239P0037,3508,1,,1,,,,,,
21.GS.C6.SN.Student2.IB-plant3509-TMS21F2239P0038,TMS21F2239P0038,3509,1,,1,,,,,,
21.GS.C6.SN.Student2.IB-plant3510-TMS21F2239P0039,TMS21F2239P0039,3510,1,,1,,,,,,
21.GS.C6.SN.Student2.IB-plant3511-TMS21F2239P0040,TMS21F2239P0040,3511,1,,1,,,,,,
21.GS.C6.SN.Student2.IB-plant3512-TMS21F2239P0041,TMS21F2239P0041,3512,1,,1,,,,,,
21.GS.C6.SN.Student2.IB-plant3513-TMS21F2239P0042,TMS21F2239P0042,3513,1,,1,,,,,,
21.GS.C6.SN.Student2.IB-plant3514-TMS21F2239P0043,TMS21F2239P0043,3514,1,,1,,,,,,
21.GS.C6.SN.Student2.IB-plant3515-TMS21F2239P0044,TMS21F2239P0044,3515,1,,1,,,,,,
21.GS.C6.SN.Student2.IB-plant3516-TMS21F2239P0045,TMS21F2239P0045,3516,1,,1,,,,,,
21.GS.C6.SN.Student2.IB-plant3517-TMS21F2239P0046,TMS21F2239P0046,3517,1,,1,,,,,,
21.GS.C6.SN.Student2.IB-plant3518-TMS21F2239P0047,TMS21F2239P0047,3518,1,,1,,,,,,
21.GS.C6.SN.Student2.IB-plant3519-TMS21F2239P0048,TMS21F2239P0048,3519,1,,1,,,,,,
21.GS.C6.SN.Student2.IB-plant3520-TMS21F2239P0049,TMS21F2239P0049,3520,1,,1,,,,,,
21.GS.C6.SN.Student2.IB-plant3521-TMS21F2239P0050,TMS21F2239P0050,3521,1,,1,,,,,,
21.GS.C6.SN.Student2.IB-plant3522-TMS21F2239P0051,TMS21F2239P0051,3522,1,,1,,,,,,
21.GS.C6.SN.Student2.IB-plant3523-TMS21F2239P0052,TMS21F2239P0052,3523,1,,1,,,,,,
21.GS.C6.SN.Student2.IB-plant3524-TMS21F2239P0053,TMS21F2239P0053,3524,1,,1,,,,,,
21.GS.C6.SN.Student2.IB-plant3525-TMS21F2239P0054,TMS21F2239P0054,3525,1,,1,,,,,,
21.GS.C6.SN.Student2.IB-plant3526-TMS21F2239P0055,TMS21F2239P0055,3526,1,,1,,,,,,
21.GS.C6.SN.Student2.IB-plant3527-TMS21F2239P0056,TMS21F2239P0056,3527,1,,1,,,,,,
21.GS.C6.SN.Student2.IB-plant3528-TMS21F2239P0057,TMS21F2239P0057,3528,1,,1,,,,,,
21.GS.C6.SN.Student2.IB-plant3529-TMS21F2239P0058,TMS21F2239P0058,3529,1,,1,,,,,,
21.GS.C6.SN.Student2.IB-plant3530-TMS21F2239P0059,TMS21F2239P0059,3530,1,,1,,,,,,
21.GS.C6.SN.Student2.IB-plant3531-TMS21F2239P0060,TMS21F2239P0060,3531,1,,1,,,,,,
21.GS.C6.SN.Student2.IB-plant3532-TMS21F2239P0061,TMS21F2239P0061,3532,1,,1,,,,,,
21.GS.C6.SN.Student2.IB-plant3533-TMS21F2239P0062,TMS21F2239P0062,3533,1,,1,,,,,,
21.GS.C6.SN.Student2.IB-plant3534-TMS21F2239P0063,TMS21F2239P0063,3534,1,,1,,,,,,
21.GS.C6.SN.Student2.IB-plant3535-TMS21F2239P0064,TMS21F2239P0064,3535,1,,1,,,,,,
21.GS.C6.SN.Student2.IB-plant3536-TMS21F2239P0065,TMS21F2239P0065,3536,1,,1,,,,,,
21.GS.C6.SN.Student2.IB-plant3537-TMS21F2239P0066,TMS21F2239P0066,3537,1,,1,,,,,,
21.GS.C6.SN.Student2.IB-plant3538-TMS21F2239P0067,TMS21F2239P0067,3538,1,,1,,,,,,
21.GS.C6.SN.Student2.IB-plant3539-TMS21F2239P0068,TMS21F2239P0068,3539,1,,1,,,,,,
21.GS.C6.SN.Student2.IB-plant3540-TMS21F2239P0069,TMS21F2239P0069,3540,1,,1,,,,,,
21.GS.C6.SN.Student2.IB-plant3541-TMS21F2239P0070,TMS21F2239P0070,3541,1,,1,,,,,,
21.GS.C6.SN.Student2.IB-plant3542-TMS21F2239P0071,TMS21F2239P0071,3542,1,,1,,,,,,
21.GS.C6.SN.Student2.IB-plant3543-TMS21F2239P0072,TMS21F2239P0072,3543,1,,1,,,,,,
21.GS.C6.SN.Student2.IB-plant3544-TMS21F2239P0073,TMS21F2239P0073,3544,1,,1,,,,,,
21.GS.C6.SN.Student2.IB-plant3545-TMS21F2239P0074,TMS21F2239P0074,3545,1,,1,,,,,,
21.GS.C6.SN.Student2.IB-plant3546-TMS21F2239P0075,TMS21F2239P0075,3546,1,,1,,,,,,
21.GS.C6.SN.Student2.IB-plant3547-TMS21F2239P0076,TMS21F2239P0076,3547,1,,1,,,,,,
21.GS.C6.SN.Student2.IB-plant3548-TMS21F2239P0077,TMS21F2239P0077,3548,1,,1,,,,,,
21.GS.C6.SN.Student2.IB-plant3549-TMS21F2239P0078,TMS21F2239P0078,3549,1,,1,,,,,,
21.GS.C6.SN.Student2.IB-plant3550-TMS21F2239P0079,TMS21F2239P0079,3550,1,,1,,,,,,
21.GS.C6.SN.Student2.IB-plant3551-TMS21F2239P0080,TMS21F2239P0080,3551,1,,1,,,,,,
21.GS.C6.SN.Student2.IB-plant3552-TMS21F2239P0081,TMS21F2239P0081,3552,1,,1,,,,,,
21.GS.C6.SN.Student2.IB-plant3553-TMS21F2239P0082,TMS21F2239P0082,3553,1,,1,,,,,,
21.GS.C6.SN.Student2.IB-plant3554-TMS21F2239P0083,TMS21F2239P0083,3554,1,,1,,,,,,
21.GS.C6.SN.Student2.IB-plant3555-TMS21F2239P0084,TMS21F2239P0084,3555,1,,1,,,,,,
21.GS.C6.SN.Student2.IB-plant3556-TMS21F2239P0085,TMS21F2239P0085,3556,1,,1,,,,,,
21.GS.C6.SN.Student2.IB-plant3557-TMS21F2239P0086,TMS21F2239P0086,3557,1,,1,,,,,,
21.GS.C6.SN.Student2.IB-plant3558-TMS21F2239P0087,TMS21F2239P0087,3558,1,,1,,,,,,
21.GS.C6.SN.Student2.IB-plant3559-TMS21F2239P0088,TMS21F2239P0088,3559,1,,1,,,,,,
21.GS.C6.SN.Student2.IB-plant3560-TMS21F2239P0089,TMS21F2239P0089,3560,1,,1,,,,,,
21.GS.C6.SN.Student2.IB-plant3561-TMS21F2239P0090,TMS21F2239P0090,3561,1,,1,,,,,,
21.GS.C6.SN.Student2.IB-plant3562-TMS21F2239P0091,TMS21F2239P0091,3562,1,,1,,,,,,
21.GS.C6.SN.Student2.IB-plant3563-TMS21F2239P0092,TMS21F2239P0092,3563,1,,1,,,,,,
21.GS.C6.SN.Student2.IB-plant3564-TMS21F2239P0093,TMS21F2239P0093,3564,1,,1,,,,,,
21.GS.C6.SN.Student2.IB-plant3565-TMS21F2239P0094,TMS21F2239P0094,3565,1,,1,,,,,,
21.GS.C6.SN.Student2.IB-plant3566-TMS21F2239P0095,TMS21F2239P0095,3566,1,,1,,,,,,
21.GS.C6.SN.Student2.IB-plant3567-TMS21F2240P0001,TMS21F2240P0001,3567,1,,1,,,,,,
21.GS.C6.SN.Student2.IB-plant3568-TMS21F2240P0002,TMS21F2240P0002,3568,1,,1,,,,,,
21.GS.C6.SN.Student2.IB-plant3569-TMS21F2240P0003,TMS21F2240P0003,3569,1,,1,,,,,,
21.GS.C6.SN.Student2.IB-plant3570-TMS21F2240P0004,TMS21F2240P0004,3570,1,,1,,,,,,
21.GS.C6.SN.Student2.IB-plant3571-TMS21F2240P0005,TMS21F2240P0005,3571,1,,1,,,,,,
21.GS.C6.SN.Student2.IB-plant3572-TMS21F2240P0006,TMS21F2240P0006,3572,1,,1,,,,,,
21.GS.C6.SN.Student2.IB-plant3573-TMS21F2240P0007,TMS21F2240P0007,3573,1,,1,,,,,,
21.GS.C6.SN.Student2.IB-plant3574-TMS21F2240P0008,TMS21F2240P0008,3574,1,,1,,,,,,
21.GS.C6.SN.Student2.IB-plant3575-TMS21F2240P0009,TMS21F2240P0009,3575,1,,1,,,,,,
21.GS.C6.SN.Student2.IB-plant3576-TMS21F2240P0010,TMS21F2240P0010,3576,1,,1,,,,,,
21.GS.C6.SN.Student2.IB-plant3577-TMS21F2240P0011,TMS21F2240P0011,3577,1,,1,,,,,,
21.GS.C6.SN.Student2.IB-plant3578-TMS21F2240P0012,TMS21F2240P0012,3578,1,,1,,,,,,
21.GS.C6.SN.Student2.IB-plant3579-TMS21F2240P0013,TMS21F2240P0013,3579,1,,1,,,,,,
21.GS.C6.SN.Student2.IB-plant3580-TMS21F2240P0014,TMS21F2240P0014,3580,1,,1,,,,,,
21.GS.C6.SN.Student2.IB-plant3581-TMS21F2240P0015,TMS21F2240P0015,3581,1,,1,,,,,,
21.GS.C6.SN.Student2.IB-plant3582-TMS21F2240P0016,TMS21F2240P0016,3582,1,,1,,,,,,
21.GS.C6.SN.Student2.IB-plant3583-TMS21F2240P0017,TMS21F2240P0017,3583,1,,1,,,,,,
21.GS.C6.SN.Student2.IB-plant3584-TMS21F2240P0018,TMS21F2240P0018,3584,1,,1,,,,,,
21.GS.C6.SN.Student2.IB-plant3585-TMS21F2240P0019,TMS21F2240P0019,3585,1,,1,,,,,,
21.GS.C6.SN.Student2.IB-plant3586-TMS21F2240P0020,TMS21F2240P0020,3586,1,,1,,,,,,
21.GS.C6.SN.Student2.IB-plant3587-TMS21F2240P0021,TMS21F2240P0021,3587,1,,1,,,,,,
21.GS.C6.SN.Student2.IB-plant3588-TMS21F2240P0022,TMS21F2240P0022,3588,1,,1,,,,,,
21.GS.C6.SN.Student2.IB-plant3589-TMS21F2240P0023,TMS21F2240P0023,3589,1,,1,,,,,,
21.GS.C6.SN.Student2.IB-plant3590-TMS21F2240P0024,TMS21F2240P0024,3590,1,,1,,,,,,
21.GS.C6.SN.Student2.IB-plant3591-TMS21F2240P0025,TMS21F2240P0025,3591,1,,1,,,,,,
21.GS.C6.SN.Student2.IB-plant3592-TMS21F2240P0026,TMS21F2240P0026,3592,1,,1,,,,,,
21.GS.C6.SN.Student2.IB-plant3593-TMS21F2240P0027,TMS21F2240P0027,3593,1,,1,,,,,,
21.GS.C6.SN.Student2.IB-plant3594-TMS21F2240P0028,TMS21F2240P0028,3594,1,,1,,,,,,
21.GS.C6.SN.Student2.IB-plant3595-TMS21F2240P0029,TMS21F2240P0029,3595,1,,1,,,,,,
21.GS.C6.SN.Student2.IB-plant3596-TMS21F2240P0030,TMS21F2240P0030,3596,1,,1,,,,,,
21.GS.C6.SN.Student2.IB-plant3597-TMS21F2240P0031,TMS21F2240P0031,3597,1,,1,,,,,,
21.GS.C6.SN.Student2.IB-plant3598-TMS21F2240P0032,TMS21F2240P0032,3598,1,,1,,,,,,
21.GS.C6.SN.Student2.IB-plant3599-TMS21F2240P0033,TMS21F2240P0033,3599,1,,1,,,,,,
21.GS.C6.SN.Student2.IB-plant3600-TMS21F2240P0034,TMS21F2240P0034,3600,1,,1,,,,,,
21.GS.C6.SN.Student2.IB-plant3601-TMS21F2240P0035,TMS21F2240P0035,3601,1,,1,,,,,,
21.GS.C6.SN.Student2.IB-plant3602-TMS21F2240P0036,TMS21F2240P0036,3602,1,,1,,,,,,
21.GS.C6.SN.Student2.IB-plant3603-TMS21F2240P0037,TMS21F2240P0037,3603,1,,1,,,,,,
21.GS.C6.SN.Student2.IB-plant3604-TMS21F2240P0038,TMS21F2240P0038,3604,1,,1,,,,,,
21.GS.C6.SN.Student2.IB-plant3605-TMS21F2240P0039,TMS21F2240P0039,3605,1,,1,,,,,,
21.GS.C6.SN.Student2.IB-plant3606-TMS21F2240P0040,TMS21F2240P0040,3606,1,,1,,,,,,
21.GS.C6.SN.Student2.IB-plant3607-TMS21F2240P0041,TMS21F2240P0041,3607,1,,1,,,,,,
21.GS.C6.SN.Student2.IB-plant3608-TMS21F2240P0042,TMS21F2240P0042,3608,1,,1,,,,,,
21.GS.C6.SN.Student2.IB-plant3609-TMS21F2240P0043,TMS21F2240P0043,3609,1,,1,,,,,,
21.GS.C6.SN.Student2.IB-plant3610-TMS21F2240P0044,TMS21F2240P0044,3610,1,,1,,,,,,
21.GS.C6.SN.Student2.IB-plant3611-TMS21F2240P0045,TMS21F2240P0045,3611,1,,1,,,,,,
21.GS.C6.SN.Student2.IB-plant3612-TMS21F2240P0046,TMS21F2240P0046,3612,1,,1,,,,,,
21.GS.C6.SN.Student2.IB-plant3613-TMS21F2240P0047,TMS21F2240P0047,3613,1,,1,,,,,,
21.GS.C6.SN.Student2.IB-plant3614-TMS21F2240P0048,TMS21F2240P0048,3614,1,,1,,,,,,
21.GS.C6.SN.Student2.IB-plant3615-TMS21F2240P0049,TMS21F2240P0049,3615,1,,1,,,,,,
21.GS.C6.SN.Student2.IB-plant3616-TMS21F2240P0050,TMS21F2240P0050,3616,1,,1,,,,,,
21.GS.C6.SN.Student2.IB-plant3617-TMS21F2240P0051,TMS21F2240P0051,3617,1,,1,,,,,,
21.GS.C6.SN.Student2.IB-plant3618-TMS21F2240P0052,TMS21F2240P0052,3618,1,,1,,,,,,
21.GS.C6.SN.Student2.IB-plant3619-TMS21F2240P0053,TMS21F2240P0053,3619,1,,1,,,,,,
21.GS.C6.SN.Student2.IB-plant3620-TMS21F2240P0054,TMS21F2240P0054,3620,1,,1,,,,,,
21.GS.C6.SN.Student2.IB-plant3621-TMS21F2240P0055,TMS21F2240P0055,3621,1,,1,,,,,,
21.GS.C6.SN.Student2.IB-plant3622-TMS21F2240P0056,TMS21F2240P0056,3622,1,,1,,,,,,
21.GS.C6.SN.Student2.IB-plant3623-TMS21F2240P0057,TMS21F2240P0057,3623,1,,1,,,,,,
21.GS.C6.SN.Student2.IB-plant3624-TMS21F2240P0058,TMS21F2240P0058,3624,1,,1,,,,,,
21.GS.C6.SN.Student2.IB-plant3625-TMS21F2240P0059,TMS21F2240P0059,3625,1,,1,,,,,,
21.GS.C6.SN.Student2.IB-plant3626-TMS21F2240P0060,TMS21F2240P0060,3626,1,,1,,,,,,
21.GS.C6.SN.Student2.IB-plant3627-TMS21F2240P0061,TMS21F2240P0061,3627,1,,1,,,,,,
21.GS.C6.SN.Student2.IB-plant3628-TMS21F2240P0062,TMS21F2240P0062,3628,1,,1,,,,,,
21.GS.C6.SN.Student2.IB-plant3629-TMS21F2240P0063,TMS21F2240P0063,3629,1,,1,,,,,,
21.GS.C6.SN.Student2.IB-plant3630-TMS21F2240P0064,TMS21F2240P0064,3630,1,,1,,,,,,
21.GS.C6.SN.Student2.IB-plant3631-TMS21F2240P0065,TMS21F2240P0065,3631,1,,1,,,,,,
21.GS.C6.SN.Student2.IB-plant3632-TMS21F2240P0066,TMS21F2240P0066,3632,1,,1,,,,,,
21.GS.C6.SN.Student2.IB-plant3633-TMS21F2240P0067,TMS21F2240P0067,3633,1,,1,,,,,,
21.GS.C6.SN.Student2.IB-plant3634-TMS21F2240P0068,TMS21F2240P0068,3634,1,,1,,,,,,
21.GS.C6.SN.Student2.IB-plant3635-TMS21F2240P0069,TMS21F2240P0069,3635,1,,1,,,,,,
21.GS.C6.SN.Student2.IB-plant3636-TMS21F2240P0070,TMS21F2240P0070,3636,1,,1,,,,,,
21.GS.C6.SN.Student2.IB-plant3637-TMS21F2240P0071,TMS21F2240P0071,3637,1,,1,,,,,,
21.GS.C6.SN.Student2.IB-plant3638-TMS21F2240P0072,TMS21F2240P0072,3638,1,,1,,,,,,
21.GS.C6.SN.Student2.IB-plant3639-TMS21F2240P0073,TMS21F2240P0073,3639,1,,1,,,,,,
21.GS.C6.SN.Student2.IB-plant3640-TMS21F2240P0074,TMS21F2240P0074,3640,1,,1,,,,,,
21.GS.C6.SN.Student2.IB-plant3641-TMS21F2240P0075,TMS21F2240P0075,3641,1,,1,,,,,,
21.GS.C6.SN.Student2.IB-plant3642-TMS21F2241P0001,TMS21F2241P0001,3642,1,,1,,,,,,
21.GS.C6.SN.Student2.IB-plant3643-TMS21F2241P0002,TMS21F2241P0002,3643,1,,1,,,,,,
21.GS.C6.SN.Student2.IB-plant3644-TMS21F2241P0003,TMS21F2241P0003,3644,1,,1,,,,,,
21.GS.C6.SN.Student2.IB-plant3645-TMS21F2241P0004,TMS21F2241P0004,3645,1,,1,,,,,,
21.GS.C6.SN.Student2.IB-plant3646-TMS21F2241P0005,TMS21F2241P0005,3646,1,,1,,,,,,
21.GS.C6.SN.Student2.IB-plant3647-TMS21F2241P0006,TMS21F2241P0006,3647,1,,1,,,,,,
21.GS.C6.SN.Student2.IB-plant3648-TMS21F2241P0007,TMS21F2241P0007,3648,1,,1,,,,,,
21.GS.C6.SN.Student2.IB-plant3649-TMS21F2241P0008,TMS21F2241P0008,3649,1,,1,,,,,,
21.GS.C6.SN.Student2.IB-plant3650-TMS21F2241P0009,TMS21F2241P0009,3650,1,,1,,,,,,
21.GS.C6.SN.Student2.IB-plant3651-TMS21F2241P0010,TMS21F2241P0010,3651,1,,1,,,,,,
21.GS.C6.SN.Student2.IB-plant3652-TMS21F2241P0011,TMS21F2241P0011,3652,1,,1,,,,,,
21.GS.C6.SN.Student2.IB-plant3653-TMS21F2241P0012,TMS21F2241P0012,3653,1,,1,,,,,,
21.GS.C6.SN.Student2.IB-plant3654-TMS21F2241P0013,TMS21F2241P0013,3654,1,,1,,,,,,
21.GS.C6.SN.Student2.IB-plant3655-TMS21F2241P0014,TMS21F2241P0014,3655,1,,1,,,,,,
21.GS.C6.SN.Student2.IB-plant3656-TMS21F2241P0015,TMS21F2241P0015,3656,1,,1,,,,,,
21.GS.C6.SN.Student2.IB-plant3657-TMS21F2241P0016,TMS21F2241P0016,3657,1,,1,,,,,,
21.GS.C6.SN.Student2.IB-plant3658-TMS21F2241P0017,TMS21F2241P0017,3658,1,,1,,,,,,
21.GS.C6.SN.Student2.IB-plant3659-TMS21F2241P0018,TMS21F2241P0018,3659,1,,1,,,,,,
21.GS.C6.SN.Student2.IB-plant3660-TMS21F2241P0019,TMS21F2241P0019,3660,1,,1,,,,,,
21.GS.C6.SN.Student2.IB-plant3661-TMS21F2241P0020,TMS21F2241P0020,3661,1,,1,,,,,,
21.GS.C6.SN.Student2.IB-plant3662-TMS21F2241P0021,TMS21F2241P0021,3662,1,,1,,,,,,
21.GS.C6.SN.Student2.IB-plant3663-TMS21F2241P0022,TMS21F2241P0022,3663,1,,1,,,,,,
21.GS.C6.SN.Student2.IB-plant3664-TMS21F2241P0023,TMS21F2241P0023,3664,1,,1,,,,,,
21.GS.C6.SN.Student2.IB-plant3665-TMS21F2241P0024,TMS21F2241P0024,3665,1,,1,,,,,,
21.GS.C6.SN.Student2.IB-plant3666-TMS21F2241P0025,TMS21F2241P0025,3666,1,,1,,,,,,
21.GS.C6.SN.Student2.IB-plant3667-TMS21F2241P0026,TMS21F2241P0026,3667,1,,1,,,,,,
21.GS.C6.SN.Student2.IB-plant3668-TMS21F2241P0027,TMS21F2241P0027,3668,1,,1,,,,,,
21.GS.C6.SN.Student2.IB-plant3669-TMS21F2241P0028,TMS21F2241P0028,3669,1,,1,,,,,,
21.GS.C6.SN.Student2.IB-plant3670-TMS21F2241P0029,TMS21F2241P0029,3670,1,,1,,,,,,
21.GS.C6.SN.Student2.IB-plant3671-TMS21F2241P0030,TMS21F2241P0030,3671,1,,1,,,,,,
21.GS.C6.SN.Student2.IB-plant3672-TMS21F2241P0031,TMS21F2241P0031,3672,1,,1,,,,,,
21.GS.C6.SN.Student2.IB-plant3673-TMS21F2241P0032,TMS21F2241P0032,3673,1,,1,,,,,,
21.GS.C6.SN.Student2.IB-plant3674-TMS21F2241P0033,TMS21F2241P0033,3674,1,,1,,,,,,
21.GS.C6.SN.Student2.IB-plant3675-TMS21F2241P0034,TMS21F2241P0034,3675,1,,1,,,,,,
21.GS.C6.SN.Student2.IB-plant3676-TMS21F2241P0035,TMS21F2241P0035,3676,1,,1,,,,,,
21.GS.C6.SN.Student2.IB-plant3677-TMS21F2241P0036,TMS21F2241P0036,3677,1,,1,,,,,,
21.GS.C6.SN.Student2.IB-plant3678-TMS21F2241P0037,TMS21F2241P0037,3678,1,,1,,,,,,
21.GS.C6.SN.Student2.IB-plant3679-TMS21F2241P0038,TMS21F2241P0038,3679,1,,1,,,,,,
21.GS.C6.SN.Student2.IB-plant3680-TMS21F2241P0039,TMS21F2241P0039,3680,1,,1,,,,,,
21.GS.C6.SN.Student2.IB-plant3681-TMS21F2241P0040,TMS21F2241P0040,3681,1,,1,,,,,,
21.GS.C6.SN.Student2.IB-plant3682-TMS21F2241P0041,TMS21F2241P0041,3682,1,,1,,,,,,
21.GS.C6.SN.Student2.IB-plant3683-TMS21F2241P0042,TMS21F2241P0042,3683,1,,1,,,,,,
21.GS.C6.SN.Student2.IB-plant3684-TMS21F2241P0043,TMS21F2241P0043,3684,1,,1,,,,,,
21.GS.C6.SN.Student2.IB-plant3685-TMS21F2241P0044,TMS21F2241P0044,3685,1,,1,,,,,,
21.GS.C6.SN.Student2.IB-plant3686-TMS21F2241P0045,TMS21F2241P0045,3686,1,,1,,,,,,
21.GS.C6.SN.Student2.IB-plant3687-TMS21F2241P0046,TMS21F2241P0046,3687,1,,1,,,,,,
21.GS.C6.SN.Student2.IB-plant3688-TMS21F2241P0047,TMS21F2241P0047,3688,1,,1,,,,,,
21.GS.C6.SN.Student2.IB-plant3689-TMS21F2241P0048,TMS21F2241P0048,3689,1,,1,,,,,,
21.GS.C6.SN.Student2.IB-plant3690-TMS21F2241P0049,TMS21F2241P0049,3690,1,,1,,,,,,
21.GS.C6.SN.Student2.IB-plant3691-TMS21F2241P0050,TMS21F2241P0050,3691,1,,1,,,,,,
21.GS.C6.SN.Student2.IB-plant3692-TMS21F2241P0051,TMS21F2241P0051,3692,1,,1,,,,,,
21.GS.C6.SN.Student2.IB-plant3693-TMS21F2241P0052,TMS21F2241P0052,3693,1,,1,,,,,,
21.GS.C6.SN.Student2.IB-plant3694-TMS21F2241P0053,TMS21F2241P0053,3694,1,,1,,,,,,
21.GS.C6.SN.Student2.IB-plant3695-TMS21F2241P0054,TMS21F2241P0054,3695,1,,1,,,,,,
21.GS.C6.SN.Student2.IB-plant3696-TMS21F2241P0055,TMS21F2241P0055,3696,1,,1,,,,,,
21.GS.C6.SN.Student2.IB-plant3697-TMS21F2241P0056,TMS21F2241P0056,3697,1,,1,,,,,,
21.GS.C6.SN.Student2.IB-plant3698-TMS21F2241P0057,TMS21F2241P0057,3698,1,,1,,,,,,
21.GS.C6.SN.Student2.IB-plant3699-TMS21F2241P0058,TMS21F2241P0058,3699,1,,1,,,,,,
21.GS.C6.SN.Student2.IB-plant3700-TMS21F2241P0059,TMS21F2241P0059,3700,1,,1,,,,,,
21.GS.C6.SN.Student2.IB-plant3701-TMS21F2241P0060,TMS21F2241P0060,3701,1,,1,,,,,,
21.GS.C6.SN.Student2.IB-plant3702-TMS21F2241P0061,TMS21F2241P0061,3702,1,,1,,,,,,
21.GS.C6.SN.Student2.IB-plant3703-TMS21F2241P0062,TMS21F2241P0062,3703,1,,1,,,,,,
21.GS.C6.SN.Student2.IB-plant3704-TMS21F2241P0063,TMS21F2241P0063,3704,1,,1,,,,,,
21.GS.C6.SN.Student2.IB-plant3705-TMS21F2241P0064,TMS21F2241P0064,3705,1,,1,,,,,,
21.GS.C6.SN.Student2.IB-plant3706-TMS21F2241P0065,TMS21F2241P0065,3706,1,,1,,,,,,
21.GS.C6.SN.Student2.IB-plant3707-TMS21F2241P0066,TMS21F2241P0066,3707,1,,1,,,,,,
21.GS.C6.SN.Student2.IB-plant3708-TMS21F2241P0067,TMS21F2241P0067,3708,1,,1,,,,,,
21.GS.C6.SN.Student2.IB-plant3709-TMS21F2241P0068,TMS21F2241P0068,3709,1,,1,,,,,,
21.GS.C6.SN.Student2.IB-plant3710-TMS21F2241P0069,TMS21F2241P0069,3710,1,,1,,,,,,
21.GS.C6.SN.Student2.IB-plant3711-TMS21F2241P0070,TMS21F2241P0070,3711,1,,1,,,,,,
21.GS.C6.SN.Student2.IB-plant3712-TMS21F2241P0071,TMS21F2241P0071,3712,1,,1,,,,,,
21.GS.C6.SN.Student2.IB-plant3713-TMS21F2241P0072,TMS21F2241P0072,3713,1,,1,,,,,,
21.GS.C6.SN.Student2.IB-plant3714-TMS21F2241P0073,TMS21F2241P0073,3714,1,,1,,,,,,
21.GS.C6.SN.Student2.IB-plant3715-TMS21F2241P0074,TMS21F2241P0074,3715,1,,1,,,,,,
21.GS.C6.SN.Student2.IB-plant3716-TMS21F2241P0075,TMS21F2241P0075,3716,1,,1,,,,,,
21.GS.C6.SN.Student2.IB-plant3717-TMS21F2241P0076,TMS21F2241P0076,3717,1,,1,,,,,,
21.GS.C6.SN.Student2.IB-plant3718-TMS21F2241P0077,TMS21F2241P0077,3718,1,,1,,,,,,
21.GS.C6.SN.Student2.IB-plant3719-TMS21F2241P0078,TMS21F2241P0078,3719,1,,1,,,,,,
21.GS.C6.SN.Student2.IB-plant3720-TMS21F2241P0079,TMS21F2241P0079,3720,1,,1,,,,,,
21.GS.C6.SN.Student2.IB-plant3721-TMS21F2241P0080,TMS21F2241P0080,3721,1,,1,,,,,,
21.GS.C6.SN.Student2.IB-plant3722-TMS21F2241P0081,TMS21F2241P0081,3722,1,,1,,,,,,
21.GS.C6.SN.Student2.IB-plant3723-TMS21F2241P0082,TMS21F2241P0082,3723,1,,1,,,,,,
21.GS.C6.SN.Student2.IB-plant3724-TMS21F2241P0083,TMS21F2241P0083,3724,1,,1,,,,,,
21.GS.C6.SN.Student2.IB-plant3725-TMS21F2241P0084,TMS21F2241P0084,3725,1,,1,,,,,,
21.GS.C6.SN.Student2.IB-plant3726-TMS21F2241P0085,TMS21F2241P0085,3726,1,,1,,,,,,
21.GS.C6.SN.Student2.IB-plant3727-TMS21F2241P0086,TMS21F2241P0086,3727,1,,1,,,,,,
21.GS.C6.SN.Student2.IB-plant3728-TMS21F2241P0087,TMS21F2241P0087,3728,1,,1,,,,,,
21.GS.C6.SN.Student2.IB-plant3729-TMS21F2241P0088,TMS21F2241P0088,3729,1,,1,,,,,,
21.GS.C6.SN.Student2.IB-plant3730-TMS21F2241P0089,TMS21F2241P0089,3730,1,,1,,,,,,
21.GS.C6.SN.Student2.IB-plant3731-TMS21F2241P0090,TMS21F2241P0090,3731,1,,1,,,,,,
21.GS.C6.SN.Student2.IB-plant3732-TMS21F2241P0091,TMS21F2241P0091,3732,1,,1,,,,,,
21.GS.C6.SN.Student2.IB-plant3733-TMS21F2241P0092,TMS21F2241P0092,3733,1,,1,,,,,,
21.GS.C6.SN.Student2.IB-plant3734-TMS21F2241P0093,TMS21F2241P0093,3734,1,,1,,,,,,
21.GS.C6.SN.Student2.IB-plant3735-TMS21F2241P0094,TMS21F2241P0094,3735,1,,1,,,,,,
21.GS.C6.SN.Student2.IB-plant3736-TMS21F2241P0095,TMS21F2241P0095,3736,1,,1,,,,,,
21.GS.C6.SN.Student2.IB-plant3737-TMS21F2241P0096,TMS21F2241P0096,3737,1,,1,,,,,,
21.GS.C6.SN.Student2.IB-plant3738-TMS21F2242P0001,TMS21F2242P0001,3738,1,,1,,,,,,
21.GS.C6.SN.Student2.IB-plant3739-TMS21F2242P0002,TMS21F2242P0002,3739,1,,1,,,,,,
21.GS.C6.SN.Student2.IB-plant3740-TMS21F2242P0003,TMS21F2242P0003,3740,1,,1,,,,,,
21.GS.C6.SN.Student2.IB-plant3741-TMS21F2242P0004,TMS21F2242P0004,3741,1,,1,,,,,,
21.GS.C6.SN.Student2.IB-plant3742-TMS21F2242P0005,TMS21F2242P0005,3742,1,,1,,,,,,
21.GS.C6.SN.Student2.IB-plant3743-TMS21F2242P0006,TMS21F2242P0006,3743,1,,1,,,,,,
21.GS.C6.SN.Student2.IB-plant3744-TMS21F2242P0007,TMS21F2242P0007,3744,1,,1,,,,,,
21.GS.C6.SN.Student2.IB-plant3745-TMS21F2242P0008,TMS21F2242P0008,3745,1,,1,,,,,,
21.GS.C6.SN.Student2.IB-plant3746-TMS21F2242P0009,TMS21F2242P0009,3746,1,,1,,,,,,
21.GS.C6.SN.Student2.IB-plant3747-TMS21F2242P0010,TMS21F2242P0010,3747,1,,1,,,,,,
21.GS.C6.SN.Student2.IB-plant3748-TMS21F2242P0011,TMS21F2242P0011,3748,1,,1,,,,,,
21.GS.C6.SN.Student2.IB-plant3749-TMS21F2242P0012,TMS21F2242P0012,3749,1,,1,,,,,,
21.GS.C6.SN.Student2.IB-plant3750-TMS21F2242P0013,TMS21F2242P0013,3750,1,,1,,,,,,
21.GS.C6.SN.Student2.IB-plant3751-TMS21F2242P0014,TMS21F2242P0014,3751,1,,1,,,,,,
21.GS.C6.SN.Student2.IB-plant3752-TMS21F2242P0015,TMS21F2242P0015,3752,1,,1,,,,,,
21.GS.C6.SN.Student2.IB-plant3753-TMS21F2242P0016,TMS21F2242P0016,3753,1,,1,,,,,,
21.GS.C6.SN.Student2.IB-plant3754-TMS21F2242P0017,TMS21F2242P0017,3754,1,,1,,,,,,
21.GS.C6.SN.Student2.IB-plant3755-TMS21F2242P0018,TMS21F2242P0018,3755,1,,1,,,,,,
21.GS.C6.SN.Student2.IB-plant3756-TMS21F2242P0019,TMS21F2242P0019,3756,1,,1,,,,,,
21.GS.C6.SN.Student2.IB-plant3757-TMS21F2242P0020,TMS21F2242P0020,3757,1,,1,,,,,,
21.GS.C6.SN.Student2.IB-plant3758-TMS21F2242P0021,TMS21F2242P0021,3758,1,,1,,,,,,
21.GS.C6.SN.Student2.IB-plant3759-TMS21F2242P0022,TMS21F2242P0022,3759,1,,1,,,,,,
21.GS.C6.SN.Student2.IB-plant3760-TMS21F2242P0023,TMS21F2242P0023,3760,1,,1,,,,,,
21.GS.C6.SN.Student2.IB-plant3761-TMS21F2242P0024,TMS21F2242P0024,3761,1,,1,,,,,,
21.GS.C6.SN.Student2.IB-plant3762-TMS21F2242P0025,TMS21F2242P0025,3762,1,,1,,,,,,
21.GS.C6.SN.Student2.IB-plant3763-TMS21F2242P0026,TMS21F2242P0026,3763,1,,1,,,,,,
21.GS.C6.SN.Student2.IB-plant3764-TMS21F2242P0027,TMS21F2242P0027,3764,1,,1,,,,,,
21.GS.C6.SN.Student2.IB-plant3765-TMS21F2242P0028,TMS21F2242P0028,3765,1,,1,,,,,,
21.GS.C6.SN.Student2.IB-plant3766-TMS21F2242P0029,TMS21F2242P0029,3766,1,,1,,,,,,
21.GS.C6.SN.Student2.IB-plant3767-TMS21F2242P0030,TMS21F2242P0030,3767,1,,1,,,,,,
21.GS.C6.SN.Student2.IB-plant3768-TMS21F2242P0031,TMS21F2242P0031,3768,1,,1,,,,,,
21.GS.C6.SN.Student2.IB-plant3769-TMS21F2242P0032,TMS21F2242P0032,3769,1,,1,,,,,,
21.GS.C6.SN.Student2.IB-plant3770-TMS21F2242P0033,TMS21F2242P0033,3770,1,,1,,,,,,
21.GS.C6.SN.Student2.IB-plant3771-TMS21F2242P0034,TMS21F2242P0034,3771,1,,1,,,,,,
21.GS.C6.SN.Student2.IB-plant3772-TMS21F2242P0035,TMS21F2242P0035,3772,1,,1,,,,,,
21.GS.C6.SN.Student2.IB-plant3773-TMS21F2242P0036,TMS21F2242P0036,3773,1,,1,,,,,,
21.GS.C6.SN.Student2.IB-plant3774-TMS21F2242P0037,TMS21F2242P0037,3774,1,,1,,,,,,
21.GS.C6.SN.Student2.IB-plant3775-TMS21F2242P0038,TMS21F2242P0038,3775,1,,1,,,,,,
21.GS.C6.SN.Student2.IB-plant3776-TMS21F2242P0039,TMS21F2242P0039,3776,1,,1,,,,,,
21.GS.C6.SN.Student2.IB-plant3777-TMS21F2242P0040,TMS21F2242P0040,3777,1,,1,,,,,,
21.GS.C6.SN.Student2.IB-plant3778-TMS21F2242P0041,TMS21F2242P0041,3778,1,,1,,,,,,
21.GS.C6.SN.Student2.IB-plant3779-TMS21F2242P0042,TMS21F2242P0042,3779,1,,1,,,,,,
21.GS.C6.SN.Student2.IB-plant3780-TMS21F2242P0043,TMS21F2242P0043,3780,1,,1,,,,,,
21.GS.C6.SN.Student2.IB-plant3781-TMS21F2242P0044,TMS21F2242P0044,3781,1,,1,,,,,,
21.GS.C6.SN.Student2.IB-plant3782-TMS21F2242P0045,TMS21F2242P0045,3782,1,,1,,,,,,
21.GS.C6.SN.Student2.IB-plant3783-TMS21F2242P0046,TMS21F2242P0046,3783,1,,1,,,,,,
21.GS.C6.SN.Student2.IB-plant3784-TMS21F2242P0047,TMS21F2242P0047,3784,1,,1,,,,,,
21.GS.C6.SN.Student2.IB-plant3785-TMS21F2242P0048,TMS21F2242P0048,3785,1,,1,,,,,,
21.GS.C6.SN.Student2.IB-plant3786-TMS21F2242P0049,TMS21F2242P0049,3786,1,,1,,,,,,
21.GS.C6.SN.Student2.IB-plant3787-TMS21F2242P0050,TMS21F2242P0050,3787,1,,1,,,,,,
21.GS.C6.SN.Student2.IB-plant3788-TMS21F2242P0051,TMS21F2242P0051,3788,1,,1,,,,,,
21.GS.C6.SN.Student2.IB-plant3789-TMS21F2242P0052,TMS21F2242P0052,3789,1,,1,,,,,,
21.GS.C6.SN.Student2.IB-plant3790-TMS21F2242P0053,TMS21F2242P0053,3790,1,,1,,,,,,
21.GS.C6.SN.Student2.IB-plant3791-TMS21F2242P0054,TMS21F2242P0054,3791,1,,1,,,,,,
21.GS.C6.SN.Student2.IB-plant3792-TMS21F2242P0055,TMS21F2242P0055,3792,1,,1,,,,,,
21.GS.C6.SN.Student2.IB-plant3793-TMS21F2242P0056,TMS21F2242P0056,3793,1,,1,,,,,,
21.GS.C6.SN.Student2.IB-plant3794-TMS21F2242P0057,TMS21F2242P0057,3794,1,,1,,,,,,
21.GS.C6.SN.Student2.IB-plant3795-TMS21F2242P0058,TMS21F2242P0058,3795,1,,1,,,,,,
21.GS.C6.SN.Student2.IB-plant3796-TMS21F2242P0059,TMS21F2242P0059,3796,1,,1,,,,,,
21.GS.C6.SN.Student2.IB-plant3797-TMS21F2242P0060,TMS21F2242P0060,3797,1,,1,,,,,,
21.GS.C6.SN.Student2.IB-plant3798-TMS21F2242P0061,TMS21F2242P0061,3798,1,,1,,,,,,
21.GS.C6.SN.Student2.IB-plant3799-TMS21F2242P0062,TMS21F2242P0062,3799,1,,1,,,,,,
21.GS.C6.SN.Student2.IB-plant3800-TMS21F2242P0063,TMS21F2242P0063,3800,1,,1,,,,,,
21.GS.C6.SN.Student2.IB-plant3801-TMS21F2242P0064,TMS21F2242P0064,3801,1,,1,,,,,,
21.GS.C6.SN.Student2.IB-plant3802-TMS21F2242P0065,TMS21F2242P0065,3802,1,,1,,,,,,
21.GS.C6.SN.Student2.IB-plant3803-TMS21F2242P0066,TMS21F2242P0066,3803,1,,1,,,,,,
21.GS.C6.SN.Student2.IB-plant3804-TMS21F2242P0067,TMS21F2242P0067,3804,1,,1,,,,,,
21.GS.C6.SN.Student2.IB-plant3805-TMS21F2242P0068,TMS21F2242P0068,3805,1,,1,,,,,,
21.GS.C6.SN.Student2.IB-plant3806-TMS21F2242P0069,TMS21F2242P0069,3806,1,,1,,,,,,
21.GS.C6.SN.Student2.IB-plant3807-TMS21F2242P0070,TMS21F2242P0070,3807,1,,1,,,,,,
21.GS.C6.SN.Student2.IB-plant3808-TMS21F2242P0071,TMS21F2242P0071,3808,1,,1,,,,,,
21.GS.C6.SN.Student2.IB-plant3809-TMS21F2242P0072,TMS21F2242P0072,3809,1,,1,,,,,,
21.GS.C6.SN.Student2.IB-plant3810-TMS21F2242P0073,TMS21F2242P0073,3810,1,,1,,,,,,
21.GS.C6.SN.Student2.IB-plant3811-TMS21F2242P0074,TMS21F2242P0074,3811,1,,1,,,,,,
21.GS.C6.SN.Student2.IB-plant3812-TMS21F2242P0075,TMS21F2242P0075,3812,1,,1,,,,,,
21.GS.C6.SN.Student2.IB-plant3813-TMS21F2242P0076,TMS21F2242P0076,3813,1,,1,,,,,,
21.GS.C6.SN.Student2.IB-plant3814-TMS21F2242P0077,TMS21F2242P0077,3814,1,,1,,,,,,
21.GS.C6.SN.Student2.IB-plant3815-TMS21F2242P0078,TMS21F2242P0078,3815,1,,1,,,,,,
21.GS.C6.SN.Student2.IB-plant3816-TMS21F2242P0079,TMS21F2242P0079,3816,1,,1,,,,,,
21.GS.C6.SN.Student2.IB-plant3817-TMS21F2242P0080,TMS21F2242P0080,3817,1,,1,,,,,,
21.GS.C6.SN.Student2.IB-plant3818-TMS21F2242P0081,TMS21F2242P0081,3818,1,,1,,,,,,
21.GS.C6.SN.Student2.IB-plant3819-TMS21F2242P0082,TMS21F2242P0082,3819,1,,1,,,,,,
21.GS.C6.SN.Student2.IB-plant3820-TMS21F2242P0083,TMS21F2242P0083,3820,1,,1,,,,,,
21.GS.C6.SN.Student2.IB-plant3821-TMS21F2242P0084,TMS21F2242P0084,3821,1,,1,,,,,,
21.GS.C6.SN.Student2.IB-plant3822-TMS21F2242P0085,TMS21F2242P0085,3822,1,,1,,,,,,
21.GS.C6.SN.Student2.IB-plant3823-TMS21F2242P0086,TMS21F2242P0086,3823,1,,1,,,,,,
21.GS.C6.SN.Student2.IB-plant3824-TMS21F2242P0087,TMS21F2242P0087,3824,1,,1,,,,,,
21.GS.C6.SN.Student2.IB-plant3825-TMS21F2242P0088,TMS21F2242P0088,3825,1,,1,,,,,,
21.GS.C6.SN.Student2.IB-plant3826-TMS21F2242P0089,TMS21F2242P0089,3826,1,,1,,,,,,
21.GS.C6.SN.Student2.IB-plant3827-TMS21F2242P0090,TMS21F2242P0090,3827,1,,1,,,,,,
21.GS.C6.SN.Student2.IB-plant3828-TMS21F2242P0091,TMS21F2242P0091,3828,1,,1,,,,,,
21.GS.C6.SN.Student2.IB-plant3829-TMS21F2242P0092,TMS21F2242P0092,3829,1,,1,,,,,,
21.GS.C6.SN.Student2.IB-plant3830-TMS21F2242P0093,TMS21F2242P0093,3830,1,,1,,,,,,
21.GS.C6.SN.Student2.IB-plant3831-TMS21F2242P0094,TMS21F2242P0094,3831,1,,1,,,,,,
21.GS.C6.SN.Student2.IB-plant3832-TMS21F2242P0095,TMS21F2242P0095,3832,1,,1,,,,,,
21.GS.C6.SN.Student2.IB-plant3833-TMS21F2242P0096,TMS21F2242P0096,3833,1,,1,,,,,,
21.GS.C6.SN.Student2.IB-plant3834-TMS21F2242P0097,TMS21F2242P0097,3834,1,,1,,,,,,
21.GS.C6.SN.Student2.IB-plant3835-TMS21F2242P0098,TMS21F2242P0098,3835,1,,1,,,,,,
21.GS.C6.SN.Student2.IB-plant3836-TMS21F2242P0099,TMS21F2242P0099,3836,1,,1,,,,,,
21.GS.C6.SN.Student2.IB-plant3837-TMS21F2242P0100,TMS21F2242P0100,3837,1,,1,,,,,,
21.GS.C6.SN.Student2.IB-plant3838-TMS21F2242P0101,TMS21F2242P0101,3838,1,,1,,,,,,
21.GS.C6.SN.Student2.IB-plant3839-TMS21F2242P0102,TMS21F2242P0102,3839,1,,1,,,,,,
21.GS.C6.SN.Student2.IB-plant3840-TMS21F2242P0103,TMS21F2242P0103,3840,1,,1,,,,,,
21.GS.C6.SN.Student2.IB-plant3841-TMS21F2242P0104,TMS21F2242P0104,3841,1,,1,,,,,,
21.GS.C6.SN.Student2.IB-plant3842-TMS21F2242P0105,TMS21F2242P0105,3842,1,,1,,,,,,
21.GS.C6.SN.Student2.IB-plant3843-TMS21F2242P0106,TMS21F2242P0106,3843,1,,1,,,,,,
21.GS.C6.SN.Student2.IB-plant3844-TMS21F2242P0107,TMS21F2242P0107,3844,1,,1,,,,,,
21.GS.C6.SN.Student2.IB-plant3845-TMS21F2242P0108,TMS21F2242P0108,3845,1,,1,,,,,,
21.GS.C6.SN.Student2.IB-plant3846-TMS21F2242P0109,TMS21F2242P0109,3846,1,,1,,,,,,
21.GS.C6.SN.Student2.IB-plant3847-TMS21F2242P0110,TMS21F2242P0110,3847,1,,1,,,,,,
21.GS.C6.SN.Student2.IB-plant3848-TMS21F2242P0111,TMS21F2242P0111,3848,1,,1,,,,,,
21.GS.C6.SN.Student2.IB-plant3849-TMS21F2243P0001,TMS21F2243P0001,3849,1,,1,,,,,,
21.GS.C6.SN.Student2.IB-plant3850-TMS21F2243P0002,TMS21F2243P0002,3850,1,,1,,,,,,
21.GS.C6.SN.Student2.IB-plant3851-TMS21F2243P0003,TMS21F2243P0003,3851,1,,1,,,,,,
21.GS.C6.SN.Student2.IB-plant3852-TMS21F2243P0004,TMS21F2243P0004,3852,1,,1,,,,,,
21.GS.C6.SN.Student2.IB-plant3853-TMS21F2243P0005,TMS21F2243P0005,3853,1,,1,,,,,,
21.GS.C6.SN.Student2.IB-plant3854-TMS21F2243P0006,TMS21F2243P0006,3854,1,,1,,,,,,
21.GS.C6.SN.Student2.IB-plant3855-TMS21F2243P0007,TMS21F2243P0007,3855,1,,1,,,,,,
21.GS.C6.SN.Student2.IB-plant3856-TMS21F2243P0008,TMS21F2243P0008,3856,1,,1,,,,,,
21.GS.C6.SN.Student2.IB-plant3857-TMS21F2243P0009,TMS21F2243P0009,3857,1,,1,,,,,,
21.GS.C6.SN.Student2.IB-plant3858-TMS21F2243P0010,TMS21F2243P0010,3858,1,,1,,,,,,
21.GS.C6.SN.Student2.IB-plant3859-TMS21F2243P0011,TMS21F2243P0011,3859,1,,1,,,,,,
21.GS.C6.SN.Student2.IB-plant3860-TMS21F2243P0012,TMS21F2243P0012,3860,1,,1,,,,,,
21.GS.C6.SN.Student2.IB-plant3861-TMS21F2243P0013,TMS21F2243P0013,3861,1,,1,,,,,,
21.GS.C6.SN.Student2.IB-plant3862-TMS21F2243P0014,TMS21F2243P0014,3862,1,,1,,,,,,
21.GS.C6.SN.Student2.IB-plant3863-TMS21F2243P0015,TMS21F2243P0015,3863,1,,1,,,,,,
21.GS.C6.SN.Student2.IB-plant3864-TMS21F2243P0016,TMS21F2243P0016,3864,1,,1,,,,,,
21.GS.C6.SN.Student2.IB-plant3865-TMS21F2243P0017,TMS21F2243P0017,3865,1,,1,,,,,,
21.GS.C6.SN.Student2.IB-plant3866-TMS21F2243P0018,TMS21F2243P0018,3866,1,,1,,,,,,
21.GS.C6.SN.Student2.IB-plant3867-TMS21F2243P0019,TMS21F2243P0019,3867,1,,1,,,,,,
21.GS.C6.SN.Student2.IB-plant3868-TMS21F2243P0020,TMS21F2243P0020,3868,1,,1,,,,,,
21.GS.C6.SN.Student2.IB-plant3869-TMS21F2243P0021,TMS21F2243P0021,3869,1,,1,,,,,,
21.GS.C6.SN.Student2.IB-plant3870-TMS21F2243P0022,TMS21F2243P0022,3870,1,,1,,,,,,
21.GS.C6.SN.Student2.IB-plant3871-TMS21F2243P0023,TMS21F2243P0023,3871,1,,1,,,,,,
21.GS.C6.SN.Student2.IB-plant3872-TMS21F2243P0024,TMS21F2243P0024,3872,1,,1,,,,,,
21.GS.C6.SN.Student2.IB-plant3873-TMS21F2243P0025,TMS21F2243P0025,3873,1,,1,,,,,,
21.GS.C6.SN.Student2.IB-plant3874-TMS21F2243P0026,TMS21F2243P0026,3874,1,,1,,,,,,
21.GS.C6.SN.Student2.IB-plant3875-TMS21F2243P0027,TMS21F2243P0027,3875,1,,1,,,,,,
21.GS.C6.SN.Student2.IB-plant3876-TMS21F2243P0028,TMS21F2243P0028,3876,1,,1,,,,,,
21.GS.C6.SN.Student2.IB-plant3877-TMS21F2243P0029,TMS21F2243P0029,3877,1,,1,,,,,,
21.GS.C6.SN.Student2.IB-plant3878-TMS21F2243P0030,TMS21F2243P0030,3878,1,,1,,,,,,
21.GS.C6.SN.Student2.IB-plant3879-TMS21F2243P0031,TMS21F2243P0031,3879,1,,1,,,,,,
21.GS.C6.SN.Student2.IB-plant3880-TMS21F2243P0032,TMS21F2243P0032,3880,1,,1,,,,,,
21.GS.C6.SN.Student2.IB-plant3881-TMS21F2243P0033,TMS21F2243P0033,3881,1,,1,,,,,,
21.GS.C6.SN.Student2.IB-plant3882-TMS21F2243P0034,TMS21F2243P0034,3882,1,,1,,,,,,
21.GS.C6.SN.Student2.IB-plant3883-TMS21F2243P0035,TMS21F2243P0035,3883,1,,1,,,,,,
21.GS.C6.SN.Student2.IB-plant3884-TMS21F2243P0036,TMS21F2243P0036,3884,1,,1,,,,,,
21.GS.C6.SN.Student2.IB-plant3885-TMS21F2243P0037,TMS21F2243P0037,3885,1,,1,,,,,,
21.GS.C6.SN.Student2.IB-plant3886-TMS21F2243P0038,TMS21F2243P0038,3886,1,,1,,,,,,
21.GS.C6.SN.Student2.IB-plant3887-TMS21F2243P0039,TMS21F2243P0039,3887,1,,1,,,,,,
21.GS.C6.SN.Student2.IB-plant3888-TMS21F2243P0040,TMS21F2243P0040,3888,1,,1,,,,,,
21.GS.C6.SN.Student2.IB-plant3889-TMS21F2243P0041,TMS21F2243P0041,3889,1,,1,,,,,,
21.GS.C6.SN.Student2.IB-plant3890-TMS21F2243P0042,TMS21F2243P0042,3890,1,,1,,,,,,
21.GS.C6.SN.Student2.IB-plant3891-TMS21F2243P0043,TMS21F2243P0043,3891,1,,1,,,,,,
21.GS.C6.SN.Student2.IB-plant3892-TMS21F2243P0044,TMS21F2243P0044,3892,1,,1,,,,,,
21.GS.C6.SN.Student2.IB-plant3893-TMS21F2243P0045,TMS21F2243P0045,3893,1,,1,,,,,,
21.GS.C6.SN.Student2.IB-plant3894-TMS21F2243P0046,TMS21F2243P0046,3894,1,,1,,,,,,
21.GS.C6.SN.Student2.IB-plant3895-TMS21F2243P0047,TMS21F2243P0047,3895,1,,1,,,,,,
21.GS.C6.SN.Student2.IB-plant3896-TMS21F2243P0048,TMS21F2243P0048,3896,1,,1,,,,,,
21.GS.C6.SN.Student2.IB-plant3897-TMS21F2243P0049,TMS21F2243P0049,3897,1,,1,,,,,,
21.GS.C6.SN.Student2.IB-plant3898-TMS21F2243P0050,TMS21F2243P0050,3898,1,,1,,,,,,
21.GS.C6.SN.Student2.IB-plant3899-TMS21F2243P0051,TMS21F2243P0051,3899,1,,1,,,,,,
21.GS.C6.SN.Student2.IB-plant3900-TMS21F2243P0052,TMS21F2243P0052,3900,1,,1,,,,,,
21.GS.C6.SN.Student2.IB-plant3901-TMS21F2243P0053,TMS21F2243P0053,3901,1,,1,,,,,,
21.GS.C6.SN.Student2.IB-plant3902-TMS21F2243P0054,TMS21F2243P0054,3902,1,,1,,,,,,
21.GS.C6.SN.Student2.IB-plant3903-TMS21F2243P0055,TMS21F2243P0055,3903,1,,1,,,,,,
21.GS.C6.SN.Student2.IB-plant3904-TMS21F2243P0056,TMS21F2243P0056,3904,1,,1,,,,,,
21.GS.C6.SN.Student2.IB-plant3905-TMS21F2243P0057,TMS21F2243P0057,3905,1,,1,,,,,,
21.GS.C6.SN.Student2.IB-plant3906-TMS21F2243P0058,TMS21F2243P0058,3906,1,,1,,,,,,
21.GS.C6.SN.Student2.IB-plant3907-TMS21F2243P0059,TMS21F2243P0059,3907,1,,1,,,,,,
21.GS.C6.SN.Student2.IB-plant3908-TMS21F2243P0060,TMS21F2243P0060,3908,1,,1,,,,,,
21.GS.C6.SN.Student2.IB-plant3909-TMS21F2243P0061,TMS21F2243P0061,3909,1,,1,,,,,,
21.GS.C6.SN.Student2.IB-plant3910-TMS21F2243P0062,TMS21F2243P0062,3910,1,,1,,,,,,
21.GS.C6.SN.Student2.IB-plant3911-TMS21F2243P0063,TMS21F2243P0063,3911,1,,1,,,,,,
21.GS.C6.SN.Student2.IB-plant3912-TMS21F2243P0064,TMS21F2243P0064,3912,1,,1,,,,,,
21.GS.C6.SN.Student2.IB-plant3913-TMS21F2243P0065,TMS21F2243P0065,3913,1,,1,,,,,,
21.GS.C6.SN.Student2.IB-plant3914-TMS21F2243P0066,TMS21F2243P0066,3914,1,,1,,,,,,
21.GS.C6.SN.Student2.IB-plant3915-TMS21F2243P0067,TMS21F2243P0067,3915,1,,1,,,,,,
21.GS.C6.SN.Student2.IB-plant3916-TMS21F2243P0068,TMS21F2243P0068,3916,1,,1,,,,,,
21.GS.C6.SN.Student2.IB-plant3917-TMS21F2243P0069,TMS21F2243P0069,3917,1,,1,,,,,,
21.GS.C6.SN.Student2.IB-plant3918-TMS21F2243P0070,TMS21F2243P0070,3918,1,,1,,,,,,
21.GS.C6.SN.Student2.IB-plant3919-TMS21F2243P0071,TMS21F2243P0071,3919,1,,1,,,,,,
21.GS.C6.SN.Student2.IB-plant3920-TMS21F2243P0072,TMS21F2243P0072,3920,1,,1,,,,,,
21.GS.C6.SN.Student2.IB-plant3921-TMS21F2243P0073,TMS21F2243P0073,3921,1,,1,,,,,,
21.GS.C6.SN.Student2.IB-plant3922-TMS21F2243P0074,TMS21F2243P0074,3922,1,,1,,,,,,
21.GS.C6.SN.Student2.IB-plant3923-TMS21F2243P0075,TMS21F2243P0075,3923,1,,1,,,,,,
21.GS.C6.SN.Student2.IB-plant3924-TMS21F2243P0076,TMS21F2243P0076,3924,1,,1,,,,,,
21.GS.C6.SN.Student2.IB-plant3925-TMS21F2243P0077,TMS21F2243P0077,3925,1,,1,,,,,,
21.GS.C6.SN.Student2.IB-plant3926-TMS21F2243P0078,TMS21F2243P0078,3926,1,,1,,,,,,
21.GS.C6.SN.Student2.IB-plant3927-TMS21F2243P0079,TMS21F2243P0079,3927,1,,1,,,,,,
21.GS.C6.SN.Student2.IB-plant3928-TMS21F2243P0080,TMS21F2243P0080,3928,1,,1,,,,,,
21.GS.C6.SN.Student2.IB-plant3929-TMS21F2243P0081,TMS21F2243P0081,3929,1,,1,,,,,,
21.GS.C6.SN.Student2.IB-plant3930-TMS21F2243P0082,TMS21F2243P0082,3930,1,,1,,,,,,
21.GS.C6.SN.Student2.IB-plant3931-TMS21F2243P0083,TMS21F2243P0083,3931,1,,1,,,,,,
21.GS.C6.SN.Student2.IB-plant3932-TMS21F2243P0084,TMS21F2243P0084,3932,1,,1,,,,,,
21.GS.C6.SN.Student2.IB-plant3933-TMS21F2243P0085,TMS21F2243P0085,3933,1,,1,,,,,,
21.GS.C6.SN.Student2.IB-plant3934-TMS21F2243P0086,TMS21F2243P0086,3934,1,,1,,,,,,
21.GS.C6.SN.Student2.IB-plant3935-TMS21F2243P0087,TMS21F2243P0087,3935,1,,1,,,,,,
21.GS.C6.SN.Student2.IB-plant3936-TMS21F2243P0088,TMS21F2243P0088,3936,1,,1,,,,,,
21.GS.C6.SN.Student2.IB-plant3937-TMS21F2243P0089,TMS21F2243P0089,3937,1,,1,,,,,,
21.GS.C6.SN.Student2.IB-plant3938-TMS21F2243P0090,TMS21F2243P0090,3938,1,,1,,,,,,
21.GS.C6.SN.Student2.IB-plant3939-TMS21F2243P0091,TMS21F2243P0091,3939,1,,1,,,,,,
21.GS.C6.SN.Student2.IB-plant3940-TMS21F2243P0092,TMS21F2243P0092,3940,1,,1,,,,,,
21.GS.C6.SN.Student2.IB-plant3941-TMS21F2243P0093,TMS21F2243P0093,3941,1,,1,,,,,,
21.GS.C6.SN.Student2.IB-plant3942-TMS21F2243P0094,TMS21F2243P0094,3942,1,,1,,,,,,
21.GS.C6.SN.Student2.IB-plant3943-TMS21F2243P0095,TMS21F2243P0095,3943,1,,1,,,,,,
21.GS.C6.SN.Student2.IB-plant3944-TMS21F2243P0096,TMS21F2243P0096,3944,1,,1,,,,,,
21.GS.C6.SN.Student2.IB-plant3945-TMS21F2243P0097,TMS21F2243P0097,3945,1,,1,,,,,,
21.GS.C6.SN.Student2.IB-plant3946-TMS21F2243P0098,TMS21F2243P0098,3946,1,,1,,,,,,
21.GS.C6.SN.Student2.IB-plant3947-TMS21F2243P0099,TMS21F2243P0099,3947,1,,1,,,,,,
21.GS.C6.SN.Student2.IB-plant3948-TMS21F2243P0100,TMS21F2243P0100,3948,1,,1,,,,,,
21.GS.C6.SN.Student2.IB-plant3949-TMS21F2243P0101,TMS21F2243P0101,3949,1,,1,,,,,,
21.GS.C6.SN.Student2.IB-plant3950-TMS21F2243P0102,TMS21F2243P0102,3950,1,,1,,,,,,
21.GS.C6.SN.Student2.IB-plant3951-TMS21F2243P0103,TMS21F2243P0103,3951,1,,1,,,,,,
21.GS.C6.SN.Student2.IB-plant3952-TMS21F2243P0104,TMS21F2243P0104,3952,1,,1,,,,,,
21.GS.C6.SN.Student2.IB-plant3953-TMS21F2243P0105,TMS21F2243P0105,3953,1,,1,,,,,,
21.GS.C6.SN.Student2.IB-plant3954-TMS21F2243P0106,TMS21F2243P0106,3954,1,,1,,,,,,
21.GS.C6.SN.Student2.IB-plant3955-TMS21F2243P0107,TMS21F2243P0107,3955,1,,1,,,,,,
21.GS.C6.SN.Student2.IB-plant3956-TMS21F2243P0108,TMS21F2243P0108,3956,1,,1,,,,,,
21.GS.C6.SN.Student2.IB-plant3957-TMS21F2243P0109,TMS21F2243P0109,3957,1,,1,,,,,,
21.GS.C6.SN.Student2.IB-plant3958-TMS21F2243P0110,TMS21F2243P0110,3958,1,,1,,,,,,
21.GS.C6.SN.Student2.IB-plant3959-TMS21F2243P0111,TMS21F2243P0111,3959,1,,1,,,,,,
21.GS.C6.SN.Student2.IB-plant3960-TMS21F2243P0112,TMS21F2243P0112,3960,1,,1,,,,,,
21.GS.C6.SN.Student2.IB-plant3961-TMS21F2243P0113,TMS21F2243P0113,3961,1,,1,,,,,,
21.GS.C6.SN.Student2.IB-plant3962-TMS21F2243P0114,TMS21F2243P0114,3962,1,,1,,,,,,
21.GS.C6.SN.Student2.IB-plant3963-TMS21F2243P0115,TMS21F2243P0115,3963,1,,1,,,,,,
21.GS.C6.SN.Student2.IB-plant3964-TMS21F2243P0116,TMS21F2243P0116,3964,1,,1,,,,,,
21.GS.C6.SN.Student2.IB-plant3965-TMS21F2243P0117,TMS21F2243P0117,3965,1,,1,,,,,,
21.GS.C6.SN.Student2.IB-plant3966-TMS21F2243P0118,TMS21F2243P0118,3966,1,,1,,,,,,
21.GS.C6.SN.Student2.IB-plant3967-TMS21F2243P0119,TMS21F2243P0119,3967,1,,1,,,,,,
21.GS.C6.SN.Student2.IB-plant3968-TMS21F2243P0120,TMS21F2243P0120,3968,1,,1,,,,,,
21.GS.C6.SN.Student2.IB-plant3969-TMS21F2243P0121,TMS21F2243P0121,3969,1,,1,,,,,,
21.GS.C6.SN.Student2.IB-plant3970-TMS21F2243P0122,TMS21F2243P0122,3970,1,,1,,,,,,
21.GS.C6.SN.Student2.IB-plant3971-TMS21F2243P0123,TMS21F2243P0123,3971,1,,1,,,,,,
21.GS.C6.SN.Student2.IB-plant3972-TMS21F2243P0124,TMS21F2243P0124,3972,1,,1,,,,,,
21.GS.C6.SN.Student2.IB-plant3973-TMS21F2243P0125,TMS21F2243P0125,3973,1,,1,,,,,,
21.GS.C6.SN.Student2.IB-plant3974-TMS21F2243P0126,TMS21F2243P0126,3974,1,,1,,,,,,
21.GS.C6.SN.Student2.IB-plant3975-TMS21F2243P0127,TMS21F2243P0127,3975,1,,1,,,,,,
21.GS.C6.SN.Student2.IB-plant3976-TMS21F2243P0128,TMS21F2243P0128,3976,1,,1,,,,,,
21.GS.C6.SN.Student2.IB-plant3977-TMS21F2243P0129,TMS21F2243P0129,3977,1,,1,,,,,,
21.GS.C6.SN.Student2.IB-plant3978-TMS21F2243P0130,TMS21F2243P0130,3978,1,,1,,,,,,
21.GS.C6.SN.Student2.IB-plant3979-TMS21F2243P0131,TMS21F2243P0131,3979,1,,1,,,,,,
21.GS.C6.SN.Student2.IB-plant3980-TMS21F2243P0132,TMS21F2243P0132,3980,1,,1,,,,,,
21.GS.C6.SN.Student2.IB-plant3981-TMS21F2243P0133,TMS21F2243P0133,3981,1,,1,,,,,,
21.GS.C6.SN.Student2.IB-plant3982-TMS21F2243P0134,TMS21F2243P0134,3982,1,,1,,,,,,
21.GS.C6.SN.Student2.IB-plant3983-TMS21F2243P0135,TMS21F2243P0135,3983,1,,1,,,,,,
21.GS.C6.SN.Student2.IB-plant3984-TMS21F2243P0136,TMS21F2243P0136,3984,1,,1,,,,,,
21.GS.C6.SN.Student2.IB-plant3985-TMS21F2243P0137,TMS21F2243P0137,3985,1,,1,,,,,,
21.GS.C6.SN.Student2.IB-plant3986-TMS21F2244P0001,TMS21F2244P0001,3986,1,,1,,,,,,
21.GS.C6.SN.Student2.IB-plant3987-TMS21F2244P0002,TMS21F2244P0002,3987,1,,1,,,,,,
21.GS.C6.SN.Student2.IB-plant3988-TMS21F2244P0003,TMS21F2244P0003,3988,1,,1,,,,,,
21.GS.C6.SN.Student2.IB-plant3989-TMS21F2244P0004,TMS21F2244P0004,3989,1,,1,,,,,,
21.GS.C6.SN.Student2.IB-plant3990-TMS21F2244P0005,TMS21F2244P0005,3990,1,,1,,,,,,
21.GS.C6.SN.Student2.IB-plant3991-TMS21F2244P0006,TMS21F2244P0006,3991,1,,1,,,,,,
21.GS.C6.SN.Student2.IB-plant3992-TMS21F2244P0007,TMS21F2244P0007,3992,1,,1,,,,,,
21.GS.C6.SN.Student2.IB-plant3993-TMS21F2244P0008,TMS21F2244P0008,3993,1,,1,,,,,,
21.GS.C6.SN.Student2.IB-plant3994-TMS21F2244P0009,TMS21F2244P0009,3994,1,,1,,,,,,
21.GS.C6.SN.Student2.IB-plant3995-TMS21F2244P0010,TMS21F2244P0010,3995,1,,1,,,,,,
21.GS.C6.SN.Student2.IB-plant3996-TMS21F2244P0011,TMS21F2244P0011,3996,1,,1,,,,,,
21.GS.C6.SN.Student2.IB-plant3997-TMS21F2244P0012,TMS21F2244P0012,3997,1,,1,,,,,,
21.GS.C6.SN.Student2.IB-plant3998-TMS21F2244P0013,TMS21F2244P0013,3998,1,,1,,,,,,
21.GS.C6.SN.Student2.IB-plant3999-TMS21F2244P0014,TMS21F2244P0014,3999,1,,1,,,,,,
21.GS.C6.SN.Student2.IB-plant4000-TMS21F2244P0015,TMS21F2244P0015,4000,1,,1,,,,,,
21.GS.C6.SN.Student2.IB-plant4001-TMS21F2244P0016,TMS21F2244P0016,4001,1,,1,,,,,,
21.GS.C6.SN.Student2.IB-plant4002-TMS21F2244P0017,TMS21F2244P0017,4002,1,,1,,,,,,
21.GS.C6.SN.Student2.IB-plant4003-TMS21F2244P0018,TMS21F2244P0018,4003,1,,1,,,,,,
21.GS.C6.SN.Student2.IB-plant4004-TMS21F2244P0019,TMS21F2244P0019,4004,1,,1,,,,,,
21.GS.C6.SN.Student2.IB-plant4005-TMS21F2244P0020,TMS21F2244P0020,4005,1,,1,,,,,,
21.GS.C6.SN.Student2.IB-plant4006-TMS21F2244P0021,TMS21F2244P0021,4006,1,,1,,,,,,
21.GS.C6.SN.Student2.IB-plant4007-TMS21F2244P0022,TMS21F2244P0022,4007,1,,1,,,,,,
21.GS.C6.SN.Student2.IB-plant4008-TMS21F2244P0023,TMS21F2244P0023,4008,1,,1,,,,,,
21.GS.C6.SN.Student2.IB-plant4009-TMS21F2244P0024,TMS21F2244P0024,4009,1,,1,,,,,,
21.GS.C6.SN.Student2.IB-plant4010-TMS21F2244P0025,TMS21F2244P0025,4010,1,,1,,,,,,
21.GS.C6.SN.Student2.IB-plant4011-TMS21F2244P0026,TMS21F2244P0026,4011,1,,1,,,,,,
21.GS.C6.SN.Student2.IB-plant4012-TMS21F2244P0027,TMS21F2244P0027,4012,1,,1,,,,,,
21.GS.C6.SN.Student2.IB-plant4013-TMS21F2244P0028,TMS21F2244P0028,4013,1,,1,,,,,,
21.GS.C6.SN.Student2.IB-plant4014-TMS21F2244P0029,TMS21F2244P0029,4014,1,,1,,,,,,
21.GS.C6.SN.Student2.IB-plant4015-TMS21F2244P0030,TMS21F2244P0030,4015,1,,1,,,,,,
21.GS.C6.SN.Student2.IB-plant4016-TMS21F2244P0031,TMS21F2244P0031,4016,1,,1,,,,,,
21.GS.C6.SN.Student2.IB-plant4017-TMS21F2244P0032,TMS21F2244P0032,4017,1,,1,,,,,,
21.GS.C6.SN.Student2.IB-plant4018-TMS21F2244P0033,TMS21F2244P0033,4018,1,,1,,,,,,
21.GS.C6.SN.Student2.IB-plant4019-TMS21F2244P0034,TMS21F2244P0034,4019,1,,1,,,,,,
21.GS.C6.SN.Student2.IB-plant4020-TMS21F2244P0035,TMS21F2244P0035,4020,1,,1,,,,,,
21.GS.C6.SN.Student2.IB-plant4021-TMS21F2244P0036,TMS21F2244P0036,4021,1,,1,,,,,,
21.GS.C6.SN.Student2.IB-plant4022-TMS21F2244P0037,TMS21F2244P0037,4022,1,,1,,,,,,
21.GS.C6.SN.Student2.IB-plant4023-TMS21F2244P0038,TMS21F2244P0038,4023,1,,1,,,,,,
21.GS.C6.SN.Student2.IB-plant4024-TMS21F2244P0039,TMS21F2244P0039,4024,1,,1,,,,,,
21.GS.C6.SN.Student2.IB-plant4025-TMS21F2244P0040,TMS21F2244P0040,4025,1,,1,,,,,,
21.GS.C6.SN.Student2.IB-plant4026-TMS21F2244P0041,TMS21F2244P0041,4026,1,,1,,,,,,
21.GS.C6.SN.Student2.IB-plant4027-TMS21F2244P0042,TMS21F2244P0042,4027,1,,1,,,,,,
21.GS.C6.SN.Student2.IB-plant4028-TMS21F2244P0043,TMS21F2244P0043,4028,1,,1,,,,,,
21.GS.C6.SN.Student2.IB-plant4029-TMS21F2244P0044,TMS21F2244P0044,4029,1,,1,,,,,,
21.GS.C6.SN.Student2.IB-plant4030-TMS21F2244P0045,TMS21F2244P0045,4030,1,,1,,,,,,
21.GS.C6.SN.Student2.IB-plant4031-TMS21F2244P0046,TMS21F2244P0046,4031,1,,1,,,,,,
21.GS.C6.SN.Student2.IB-plant4032-TMS21F2244P0047,TMS21F2244P0047,4032,1,,1,,,,,,
21.GS.C6.SN.Student2.IB-plant4033-TMS21F2244P0048,TMS21F2244P0048,4033,1,,1,,,,,,
21.GS.C6.SN.Student2.IB-plant4034-TMS21F2244P0049,TMS21F2244P0049,4034,1,,1,,,,,,
21.GS.C6.SN.Student2.IB-plant4035-TMS21F2244P0050,TMS21F2244P0050,4035,1,,1,,,,,,
21.GS.C6.SN.Student2.IB-plant4036-TMS21F2244P0051,TMS21F2244P0051,4036,1,,1,,,,,,
21.GS.C6.SN.Student2.IB-plant4037-TMS21F2244P0052,TMS21F2244P0052,4037,1,,1,,,,,,
21.GS.C6.SN.Student2.IB-plant4038-TMS21F2244P0053,TMS21F2244P0053,4038,1,,1,,,,,,
21.GS.C6.SN.Student2.IB-plant4039-TMS21F2244P0054,TMS21F2244P0054,4039,1,,1,,,,,,
21.GS.C6.SN.Student2.IB-plant4040-TMS21F2244P0055,TMS21F2244P0055,4040,1,,1,,,,,,
21.GS.C6.SN.Student2.IB-plant4041-TMS21F2244P0056,TMS21F2244P0056,4041,1,,1,,,,,,
21.GS.C6.SN.Student2.IB-plant4042-TMS21F2244P0057,TMS21F2244P0057,4042,1,,1,,,,,,
21.GS.C6.SN.Student2.IB-plant4043-TMS21F2244P0058,TMS21F2244P0058,4043,1,,1,,,,,,
21.GS.C6.SN.Student2.IB-plant4044-TMS21F2244P0059,TMS21F2244P0059,4044,1,,1,,,,,,
21.GS.C6.SN.Student2.IB-plant4045-TMS21F2244P0060,TMS21F2244P0060,4045,1,,1,,,,,,
21.GS.C6.SN.Student2.IB-plant4046-TMS21F2244P0061,TMS21F2244P0061,4046,1,,1,,,,,,
21.GS.C6.SN.Student2.IB-plant4047-TMS21F2244P0062,TMS21F2244P0062,4047,1,,1,,,,,,
21.GS.C6.SN.Student2.IB-plant4048-TMS21F2244P0063,TMS21F2244P0063,4048,1,,1,,,,,,
21.GS.C6.SN.Student2.IB-plant4049-TMS21F2244P0064,TMS21F2244P0064,4049,1,,1,,,,,,
21.GS.C6.SN.Student2.IB-plant4050-TMS21F2244P0065,TMS21F2244P0065,4050,1,,1,,,,,,
21.GS.C6.SN.Student2.IB-plant4051-TMS21F2244P0066,TMS21F2244P0066,4051,1,,1,,,,,,
21.GS.C6.SN.Student2.IB-plant4052-TMS21F2244P0067,TMS21F2244P0067,4052,1,,1,,,,,,
21.GS.C6.SN.Student2.IB-plant4053-TMS21F2244P0068,TMS21F2244P0068,4053,1,,1,,,,,,
21.GS.C6.SN.Student2.IB-plant4054-TMS21F2244P0069,TMS21F2244P0069,4054,1,,1,,,,,,
21.GS.C6.SN.Student2.IB-plant4055-TMS21F2244P0070,TMS21F2244P0070,4055,1,,1,,,,,,
21.GS.C6.SN.Student2.IB-plant4056-TMS21F2244P0071,TMS21F2244P0071,4056,1,,1,,,,,,
21.GS.C6.SN.Student2.IB-plant4057-TMS21F2244P0072,TMS21F2244P0072,4057,1,,1,,,,,,
21.GS.C6.SN.Student2.IB-plant4058-TMS21F2244P0073,TMS21F2244P0073,4058,1,,1,,,,,,
21.GS.C6.SN.Student2.IB-plant4059-TMS21F2244P0074,TMS21F2244P0074,4059,1,,1,,,,,,
21.GS.C6.SN.Student2.IB-plant4060-TMS21F2244P0075,TMS21F2244P0075,4060,1,,1,,,,,,
21.GS.C6.SN.Student2.IB-plant4061-TMS21F2244P0076,TMS21F2244P0076,4061,1,,1,,,,,,
21.GS.C6.SN.Student2.IB-plant4062-TMS21F2244P0077,TMS21F2244P0077,4062,1,,1,,,,,,
21.GS.C6.SN.Student2.IB-plant4063-TMS21F2244P0078,TMS21F2244P0078,4063,1,,1,,,,,,
21.GS.C6.SN.Student2.IB-plant4064-TMS21F2244P0079,TMS21F2244P0079,4064,1,,1,,,,,,
21.GS.C6.SN.Student2.IB-plant4065-TMS21F2244P0080,TMS21F2244P0080,4065,1,,1,,,,,,
21.GS.C6.SN.Student2.IB-plant4066-TMS21F2244P0081,TMS21F2244P0081,4066,1,,1,,,,,,
21.GS.C6.SN.Student2.IB-plant4067-TMS21F2244P0082,TMS21F2244P0082,4067,1,,1,,,,,,
21.GS.C6.SN.Student2.IB-plant4068-TMS21F2244P0083,TMS21F2244P0083,4068,1,,1,,,,,,
21.GS.C6.SN.Student2.IB-plant4069-TMS21F2244P0084,TMS21F2244P0084,4069,1,,1,,,,,,
21.GS.C6.SN.Student2.IB-plant4070-TMS21F2244P0085,TMS21F2244P0085,4070,1,,1,,,,,,
21.GS.C6.SN.Student2.IB-plant4071-TMS21F2244P0086,TMS21F2244P0086,4071,1,,1,,,,,,
21.GS.C6.SN.Student2.IB-plant4072-TMS21F2244P0087,TMS21F2244P0087,4072,1,,1,,,,,,
21.GS.C6.SN.Student2.IB-plant4073-TMS21F2244P0088,TMS21F2244P0088,4073,1,,1,,,,,,
21.GS.C6.SN.Student2.IB-plant4074-TMS21F2244P0089,TMS21F2244P0089,4074,1,,1,,,,,,
21.GS.C6.SN.Student2.IB-plant4075-TMS21F2244P0090,TMS21F2244P0090,4075,1,,1,,,,,,
21.GS.C6.SN.Student2.IB-plant4076-TMS21F2244P0091,TMS21F2244P0091,4076,1,,1,,,,,,
21.GS.C6.SN.Student2.IB-plant4077-TMS21F2244P0092,TMS21F2244P0092,4077,1,,1,,,,,,
21.GS.C6.SN.Student2.IB-plant4078-TMS21F2244P0093,TMS21F2244P0093,4078,1,,1,,,,,,
21.GS.C6.SN.Student2.IB-plant4079-TMS21F2244P0094,TMS21F2244P0094,4079,1,,1,,,,,,
21.GS.C6.SN.Student2.IB-plant4080-TMS21F2244P0095,TMS21F2244P0095,4080,1,,1,,,,,,
21.GS.C6.SN.Student2.IB-plant4081-TMS21F2244P0096,TMS21F2244P0096,4081,1,,1,,,,,,
21.GS.C6.SN.Student2.IB-plant4082-TMS21F2244P0097,TMS21F2244P0097,4082,1,,1,,,,,,
21.GS.C6.SN.Student2.IB-plant4083-TMS21F2244P0098,TMS21F2244P0098,4083,1,,1,,,,,,
21.GS.C6.SN.Student2.IB-plant4084-TMS21F2244P0099,TMS21F2244P0099,4084,1,,1,,,,,,
21.GS.C6.SN.Student2.IB-plant4085-TMS21F2244P0100,TMS21F2244P0100,4085,1,,1,,,,,,
21.GS.C6.SN.Student2.IB-plant4086-TMS21F2244P0101,TMS21F2244P0101,4086,1,,1,,,,,,
21.GS.C6.SN.Student2.IB-plant4087-TMS21F2244P0102,TMS21F2244P0102,4087,1,,1,,,,,,
21.GS.C6.SN.Student2.IB-plant4088-TMS21F2244P0103,TMS21F2244P0103,4088,1,,1,,,,,,
21.GS.C6.SN.Student2.IB-plant4089-TMS21F2244P0104,TMS21F2244P0104,4089,1,,1,,,,,,
21.GS.C6.SN.Student2.IB-plant4090-TMS21F2244P0105,TMS21F2244P0105,4090,1,,1,,,,,,
21.GS.C6.SN.Student2.IB-plant4091-TMS21F2244P0106,TMS21F2244P0106,4091,1,,1,,,,,,
21.GS.C6.SN.Student2.IB-plant4092-TMS21F2244P0107,TMS21F2244P0107,4092,1,,1,,,,,,
21.GS.C6.SN.Student2.IB-plant4093-TMS21F2244P0108,TMS21F2244P0108,4093,1,,1,,,,,,
21.GS.C6.SN.Student2.IB-plant4094-TMS21F2244P0109,TMS21F2244P0109,4094,1,,1,,,,,,
21.GS.C6.SN.Student2.IB-plant4095-TMS21F2244P0110,TMS21F2244P0110,4095,1,,1,,,,,,
21.GS.C6.SN.Student2.IB-plant4096-TMS21F2244P0111,TMS21F2244P0111,4096,1,,1,,,,,,
21.GS.C6.SN.Student2.IB-plant4097-TMS21F2244P0112,TMS21F2244P0112,4097,1,,1,,,,,,
21.GS.C6.SN.Student2.IB-plant4098-TMS21F2244P0113,TMS21F2244P0113,4098,1,,1,,,,,,
21.GS.C6.SN.Student2.IB-plant4099-TMS21F2244P0114,TMS21F2244P0114,4099,1,,1,,,,,,
21.GS.C6.SN.Student2.IB-plant4100-TMS21F2244P0115,TMS21F2244P0115,4100,1,,1,,,,,,
21.GS.C6.SN.Student2.IB-plant4101-TMS21F2244P0116,TMS21F2244P0116,4101,1,,1,,,,,,
21.GS.C6.SN.Student2.IB-plant4102-TMS21F2244P0117,TMS21F2244P0117,4102,1,,1,,,,,,
21.GS.C6.SN.Student2.IB-plant4103-TMS21F2244P0118,TMS21F2244P0118,4103,1,,1,,,,,,
21.GS.C6.SN.Student2.IB-plant4104-TMS21F2244P0119,TMS21F2244P0119,4104,1,,1,,,,,,
21.GS.C6.SN.Student2.IB-plant4105-TMS21F2244P0120,TMS21F2244P0120,4105,1,,1,,,,,,
21.GS.C6.SN.Student2.IB-plant4106-TMS21F2244P0121,TMS21F2244P0121,4106,1,,1,,,,,,
21.GS.C6.SN.Student2.IB-plant4107-TMS21F2244P0122,TMS21F2244P0122,4107,1,,1,,,,,,
21.GS.C6.SN.Student2.IB-plant4108-TMS21F2244P0123,TMS21F2244P0123,4108,1,,1,,,,,,
21.GS.C6.SN.Student2.IB-plant4109-TMS21F2244P0124,TMS21F2244P0124,4109,1,,1,,,,,,
21.GS.C6.SN.Student2.IB-plant4110-TMS21F2244P0125,TMS21F2244P0125,4110,1,,1,,,,,,
21.GS.C6.SN.Student2.IB-plant4111-TMS21F2244P0126,TMS21F2244P0126,4111,1,,1,,,,,,
21.GS.C6.SN.Student2.IB-plant4112-TMS21F2244P0127,TMS21F2244P0127,4112,1,,1,,,,,,
21.GS.C6.SN.Student2.IB-plant4113-TMS21F2244P0128,TMS21F2244P0128,4113,1,,1,,,,,,
21.GS.C6.SN.Student2.IB-plant4114-TMS21F2244P0129,TMS21F2244P0129,4114,1,,1,,,,,,
21.GS.C6.SN.Student2.IB-plant4115-TMS21F2244P0130,TMS21F2244P0130,4115,1,,1,,,,,,
21.GS.C6.SN.Student2.IB-plant4116-TMS21F2244P0131,TMS21F2244P0131,4116,1,,1,,,,,,
21.GS.C6.SN.Student2.IB-plant4117-TMS21F2244P0132,TMS21F2244P0132,4117,1,,1,,,,,,
21.GS.C6.SN.Student2.IB-plant4118-TMS21F2244P0133,TMS21F2244P0133,4118,1,,1,,,,,,
21.GS.C6.SN.Student2.IB-plant4119-TMS21F2244P0134,TMS21F2244P0134,4119,1,,1,,,,,,
21.GS.C6.SN.Student2.IB-plant4120-TMS21F2244P0135,TMS21F2244P0135,4120,1,,1,,,,,,
21.GS.C6.SN.Student2.IB-plant4121-TMS21F2244P0136,TMS21F2244P0136,4121,1,,1,,,,,,
21.GS.C6.SN.Student2.IB-plant4122-TMS21F2244P0137,TMS21F2244P0137,4122,1,,1,,,,,,
21.GS.C6.SN.Student2.IB-plant4123-TMS21F2244P0138,TMS21F2244P0138,4123,1,,1,,,,,,
21.GS.C6.SN.Student2.IB-plant4124-TMS21F2244P0139,TMS21F2244P0139,4124,1,,1,,,,,,
21.GS.C6.SN.Student2.IB-plant4125-TMS21F2244P0140,TMS21F2244P0140,4125,1,,1,,,,,,
21.GS.C6.SN.Student2.IB-plant4126-TMS21F2244P0141,TMS21F2244P0141,4126,1,,1,,,,,,
21.GS.C6.SN.Student2.IB-plant4127-TMS21F2244P0142,TMS21F2244P0142,4127,1,,1,,,,,,
21.GS.C6.SN.Student2.IB-plant4128-TMS21F2244P0143,TMS21F2244P0143,4128,1,,1,,,,,,
21.GS.C6.SN.Student2.IB-plant4129-TMS21F2244P0144,TMS21F2244P0144,4129,1,,1,,,,,,
21.GS.C6.SN.Student2.IB-plant4130-TMS21F2244P0145,TMS21F2244P0145,4130,1,,1,,,,,,
21.GS.C6.SN.Student2.IB-plant4131-TMS21F2244P0146,TMS21F2244P0146,4131,1,,1,,,,,,
21.GS.C6.SN.Student2.IB-plant4132-TMS21F2244P0147,TMS21F2244P0147,4132,1,,1,,,,,,
21.GS.C6.SN.Student2.IB-plant4133-TMS21F2244P0148,TMS21F2244P0148,4133,1,,1,,,,,,
21.GS.C6.SN.Student2.IB-plant4134-TMS21F2244P0149,TMS21F2244P0149,4134,1,,1,,,,,,
21.GS.C6.SN.Student2.IB-plant4135-TMS21F2244P0150,TMS21F2244P0150,4135,1,,1,,,,,,
21.GS.C6.SN.Student2.IB-plant4136-TMS21F2244P0151,TMS21F2244P0151,4136,1,,1,,,,,,
21.GS.C6.SN.Student2.IB-plant4137-TMS21F2244P0152,TMS21F2244P0152,4137,1,,1,,,,,,
21.GS.C6.SN.Student2.IB-plant4138-TMS21F2245P0001,TMS21F2245P0001,4138,1,,1,,,,,,
21.GS.C6.SN.Student2.IB-plant4139-TMS21F2245P0002,TMS21F2245P0002,4139,1,,1,,,,,,
21.GS.C6.SN.Student2.IB-plant4140-TMS21F2245P0003,TMS21F2245P0003,4140,1,,1,,,,,,
21.GS.C6.SN.Student2.IB-plant4141-TMS21F2245P0004,TMS21F2245P0004,4141,1,,1,,,,,,
21.GS.C6.SN.Student2.IB-plant4142-TMS21F2245P0005,TMS21F2245P0005,4142,1,,1,,,,,,
21.GS.C6.SN.Student2.IB-plant4143-TMS21F2245P0006,TMS21F2245P0006,4143,1,,1,,,,,,
21.GS.C6.SN.Student2.IB-plant4144-TMS21F2245P0007,TMS21F2245P0007,4144,1,,1,,,,,,
21.GS.C6.SN.Student2.IB-plant4145-TMS21F2245P0008,TMS21F2245P0008,4145,1,,1,,,,,,
21.GS.C6.SN.Student2.IB-plant4146-TMS21F2245P0009,TMS21F2245P0009,4146,1,,1,,,,,,
21.GS.C6.SN.Student2.IB-plant4147-TMS21F2245P0010,TMS21F2245P0010,4147,1,,1,,,,,,
21.GS.C6.SN.Student2.IB-plant4148-TMS21F2245P0011,TMS21F2245P0011,4148,1,,1,,,,,,
21.GS.C6.SN.Student2.IB-plant4149-TMS21F2245P0012,TMS21F2245P0012,4149,1,,1,,,,,,
21.GS.C6.SN.Student2.IB-plant4150-TMS21F2245P0013,TMS21F2245P0013,4150,1,,1,,,,,,
21.GS.C6.SN.Student2.IB-plant4151-TMS21F2245P0014,TMS21F2245P0014,4151,1,,1,,,,,,
21.GS.C6.SN.Student2.IB-plant4152-TMS21F2245P0015,TMS21F2245P0015,4152,1,,1,,,,,,
21.GS.C6.SN.Student2.IB-plant4153-TMS21F2245P0016,TMS21F2245P0016,4153,1,,1,,,,,,
21.GS.C6.SN.Student2.IB-plant4154-TMS21F2245P0017,TMS21F2245P0017,4154,1,,1,,,,,,
21.GS.C6.SN.Student2.IB-plant4155-TMS21F2245P0018,TMS21F2245P0018,4155,1,,1,,,,,,
21.GS.C6.SN.Student2.IB-plant4156-TMS21F2245P0019,TMS21F2245P0019,4156,1,,1,,,,,,
21.GS.C6.SN.Student2.IB-plant4157-TMS21F2245P0020,TMS21F2245P0020,4157,1,,1,,,,,,
21.GS.C6.SN.Student2.IB-plant4158-TMS21F2245P0021,TMS21F2245P0021,4158,1,,1,,,,,,
21.GS.C6.SN.Student2.IB-plant4159-TMS21F2245P0022,TMS21F2245P0022,4159,1,,1,,,,,,
21.GS.C6.SN.Student2.IB-plant4160-TMS21F2245P0023,TMS21F2245P0023,4160,1,,1,,,,,,
21.GS.C6.SN.Student2.IB-plant4161-TMS21F2245P0024,TMS21F2245P0024,4161,1,,1,,,,,,
21.GS.C6.SN.Student2.IB-plant4162-TMS21F2245P0025,TMS21F2245P0025,4162,1,,1,,,,,,
21.GS.C6.SN.Student2.IB-plant4163-TMS21F2245P0026,TMS21F2245P0026,4163,1,,1,,,,,,
21.GS.C6.SN.Student2.IB-plant4164-TMS21F2245P0027,TMS21F2245P0027,4164,1,,1,,,,,,
21.GS.C6.SN.Student2.IB-plant4165-TMS21F2245P0028,TMS21F2245P0028,4165,1,,1,,,,,,
21.GS.C6.SN.Student2.IB-plant4166-TMS21F2245P0029,TMS21F2245P0029,4166,1,,1,,,,,,
21.GS.C6.SN.Student2.IB-plant4167-TMS21F2245P0030,TMS21F2245P0030,4167,1,,1,,,,,,
21.GS.C6.SN.Student2.IB-plant4168-TMS21F2245P0031,TMS21F2245P0031,4168,1,,1,,,,,,
21.GS.C6.SN.Student2.IB-plant4169-TMS21F2245P0032,TMS21F2245P0032,4169,1,,1,,,,,,
21.GS.C6.SN.Student2.IB-plant4170-TMS21F2245P0033,TMS21F2245P0033,4170,1,,1,,,,,,
21.GS.C6.SN.Student2.IB-plant4171-TMS21F2245P0034,TMS21F2245P0034,4171,1,,1,,,,,,
21.GS.C6.SN.Student2.IB-plant4172-TMS21F2245P0035,TMS21F2245P0035,4172,1,,1,,,,,,
21.GS.C6.SN.Student2.IB-plant4173-TMS21F2245P0036,TMS21F2245P0036,4173,1,,1,,,,,,
21.GS.C6.SN.Student2.IB-plant4174-TMS21F2245P0037,TMS21F2245P0037,4174,1,,1,,,,,,
21.GS.C6.SN.Student2.IB-plant4175-TMS21F2245P0038,TMS21F2245P0038,4175,1,,1,,,,,,
21.GS.C6.SN.Student2.IB-plant4176-TMS21F2245P0039,TMS21F2245P0039,4176,1,,1,,,,,,
21.GS.C6.SN.Student2.IB-plant4177-TMS21F2245P0040,TMS21F2245P0040,4177,1,,1,,,,,,
21.GS.C6.SN.Student2.IB-plant4178-TMS21F2245P0041,TMS21F2245P0041,4178,1,,1,,,,,,
21.GS.C6.SN.Student2.IB-plant4179-TMS21F2245P0042,TMS21F2245P0042,4179,1,,1,,,,,,
21.GS.C6.SN.Student2.IB-plant4180-TMS21F2245P0043,TMS21F2245P0043,4180,1,,1,,,,,,
21.GS.C6.SN.Student2.IB-plant4181-TMS21F2245P0044,TMS21F2245P0044,4181,1,,1,,,,,,
21.GS.C6.SN.Student2.IB-plant4182-TMS21F2245P0045,TMS21F2245P0045,4182,1,,1,,,,,,
21.GS.C6.SN.Student2.IB-plant4183-TMS21F2245P0046,TMS21F2245P0046,4183,1,,1,,,,,,
21.GS.C6.SN.Student2.IB-plant4184-TMS21F2245P0047,TMS21F2245P0047,4184,1,,1,,,,,,
21.GS.C6.SN.Student2.IB-plant4185-TMS21F2245P0048,TMS21F2245P0048,4185,1,,1,,,,,,
21.GS.C6.SN.Student2.IB-plant4186-TMS21F2245P0049,TMS21F2245P0049,4186,1,,1,,,,,,
21.GS.C6.SN.Student2.IB-plant4187-TMS21F2245P0050,TMS21F2245P0050,4187,1,,1,,,,,,
21.GS.C6.SN.Student2.IB-plant4188-TMS21F2245P0051,TMS21F2245P0051,4188,1,,1,,,,,,
21.GS.C6.SN.Student2.IB-plant4189-TMS21F2245P0052,TMS21F2245P0052,4189,1,,1,,,,,,
21.GS.C6.SN.Student2.IB-plant4190-TMS21F2245P0053,TMS21F2245P0053,4190,1,,1,,,,,,
21.GS.C6.SN.Student2.IB-plant4191-TMS21F2245P0054,TMS21F2245P0054,4191,1,,1,,,,,,
21.GS.C6.SN.Student2.IB-plant4192-TMS21F2245P0055,TMS21F2245P0055,4192,1,,1,,,,,,
21.GS.C6.SN.Student2.IB-plant4193-TMS21F2245P0056,TMS21F2245P0056,4193,1,,1,,,,,,
21.GS.C6.SN.Student2.IB-plant4194-TMS21F2245P0057,TMS21F2245P0057,4194,1,,1,,,,,,
21.GS.C6.SN.Student2.IB-plant4195-TMS21F2245P0058,TMS21F2245P0058,4195,1,,1,,,,,,
21.GS.C6.SN.Student2.IB-plant4196-TMS21F2245P0059,TMS21F2245P0059,4196,1,,1,,,,,,
21.GS.C6.SN.Student2.IB-plant4197-TMS21F2245P0060,TMS21F2245P0060,4197,1,,1,,,,,,
21.GS.C6.SN.Student2.IB-plant4198-TMS21F2245P0061,TMS21F2245P0061,4198,1,,1,,,,,,
21.GS.C6.SN.Student2.IB-plant4199-TMS21F2245P0062,TMS21F2245P0062,4199,1,,1,,,,,,
21.GS.C6.SN.Student2.IB-plant4200-TMS21F2245P0063,TMS21F2245P0063,4200,1,,1,,,,,,
21.GS.C6.SN.Student2.IB-plant4201-TMS21F2245P0064,TMS21F2245P0064,4201,1,,1,,,,,,
21.GS.C6.SN.Student2.IB-plant4202-TMS21F2245P0065,TMS21F2245P0065,4202,1,,1,,,,,,
21.GS.C6.SN.Student2.IB-plant4203-TMS21F2245P0066,TMS21F2245P0066,4203,1,,1,,,,,,
21.GS.C6.SN.Student2.IB-plant4204-TMS21F2245P0067,TMS21F2245P0067,4204,1,,1,,,,,,
21.GS.C6.SN.Student2.IB-plant4205-TMS21F2245P0068,TMS21F2245P0068,4205,1,,1,,,,,,
21.GS.C6.SN.Student2.IB-plant4206-TMS21F2245P0069,TMS21F2245P0069,4206,1,,1,,,,,,
21.GS.C6.SN.Student2.IB-plant4207-TMS21F2245P0070,TMS21F2245P0070,4207,1,,1,,,,,,
21.GS.C6.SN.Student2.IB-plant4208-TMS21F2245P0071,TMS21F2245P0071,4208,1,,1,,,,,,
21.GS.C6.SN.Student2.IB-plant4209-TMS21F2245P0072,TMS21F2245P0072,4209,1,,1,,,,,,
21.GS.C6.SN.Student2.IB-plant4210-TMS21F2245P0073,TMS21F2245P0073,4210,1,,1,,,,,,
21.GS.C6.SN.Student2.IB-plant4211-TMS21F2245P0074,TMS21F2245P0074,4211,1,,1,,,,,,
21.GS.C6.SN.Student2.IB-plant4212-TMS21F2245P0075,TMS21F2245P0075,4212,1,,1,,,,,,
21.GS.C6.SN.Student2.IB-plant4213-TMS21F2245P0076,TMS21F2245P0076,4213,1,,1,,,,,,
21.GS.C6.SN.Student2.IB-plant4214-TMS21F2245P0077,TMS21F2245P0077,4214,1,,1,,,,,,
21.GS.C6.SN.Student2.IB-plant4215-TMS21F2245P0078,TMS21F2245P0078,4215,1,,1,,,,,,
21.GS.C6.SN.Student2.IB-plant4216-TMS21F2245P0079,TMS21F2245P0079,4216,1,,1,,,,,,
21.GS.C6.SN.Student2.IB-plant4217-TMS21F2245P0080,TMS21F2245P0080,4217,1,,1,,,,,,
21.GS.C6.SN.Student2.IB-plant4218-TMS21F2245P0081,TMS21F2245P0081,4218,1,,1,,,,,,
21.GS.C6.SN.Student2.IB-plant4219-TMS21F2245P0082,TMS21F2245P0082,4219,1,,1,,,,,,
21.GS.C6.SN.Student2.IB-plant4220-TMS21F2245P0083,TMS21F2245P0083,4220,1,,1,,,,,,
21.GS.C6.SN.Student2.IB-plant4221-TMS21F2245P0084,TMS21F2245P0084,4221,1,,1,,,,,,
21.GS.C6.SN.Student2.IB-plant4222-TMS21F2245P0085,TMS21F2245P0085,4222,1,,1,,,,,,
21.GS.C6.SN.Student2.IB-plant4223-TMS21F2245P0086,TMS21F2245P0086,4223,1,,1,,,,,,
21.GS.C6.SN.Student2.IB-plant4224-TMS21F2245P0087,TMS21F2245P0087,4224,1,,1,,,,,,
21.GS.C6.SN.Student2.IB-plant4225-TMS21F2245P0088,TMS21F2245P0088,4225,1,,1,,,,,,
21.GS.C6.SN.Student2.IB-plant4226-TMS21F2245P0089,TMS21F2245P0089,4226,1,,1,,,,,,
21.GS.C6.SN.Student2.IB-plant4227-TMS21F2245P0090,TMS21F2245P0090,4227,1,,1,,,,,,
21.GS.C6.SN.Student2.IB-plant4228-TMS21F2245P0091,TMS21F2245P0091,4228,1,,1,,,,,,
21.GS.C6.SN.Student2.IB-plant4229-TMS21F2245P0092,TMS21F2245P0092,4229,1,,1,,,,,,
21.GS.C6.SN.Student2.IB-plant4230-TMS21F2245P0093,TMS21F2245P0093,4230,1,,1,,,,,,
21.GS.C6.SN.Student2.IB-plant4231-TMS21F2245P0094,TMS21F2245P0094,4231,1,,1,,,,,,
21.GS.C6.SN.Student2.IB-plant4232-TMS21F2245P0095,TMS21F2245P0095,4232,1,,1,,,,,,
21.GS.C6.SN.Student2.IB-plant4233-TMS21F2245P0096,TMS21F2245P0096,4233,1,,1,,,,,,
21.GS.C6.SN.Student2.IB-plant4234-TMS21F2245P0097,TMS21F2245P0097,4234,1,,1,,,,,,
21.GS.C6.SN.Student2.IB-plant4235-TMS21F2245P0098,TMS21F2245P0098,4235,1,,1,,,,,,
21.GS.C6.SN.Student2.IB-plant4236-TMS21F2245P0099,TMS21F2245P0099,4236,1,,1,,,,,,
21.GS.C6.SN.Student2.IB-plant4237-TMS21F2245P0100,TMS21F2245P0100,4237,1,,1,,,,,,
21.GS.C6.SN.Student2.IB-plant4238-TMS21F2245P0101,TMS21F2245P0101,4238,1,,1,,,,,,
21.GS.C6.SN.Student2.IB-plant4239-TMS21F2245P0102,TMS21F2245P0102,4239,1,,1,,,,,,
21.GS.C6.SN.Student2.IB-plant4240-TMS21F2245P0103,TMS21F2245P0103,4240,1,,1,,,,,,
21.GS.C6.SN.Student2.IB-plant4241-TMS21F2245P0104,TMS21F2245P0104,4241,1,,1,,,,,,
21.GS.C6.SN.Student2.IB-plant4242-TMS21F2245P0105,TMS21F2245P0105,4242,1,,1,,,,,,
21.GS.C6.SN.Student2.IB-plant4243-TMS21F2245P0106,TMS21F2245P0106,4243,1,,1,,,,,,
21.GS.C6.SN.Student2.IB-plant4244-TMS21F2245P0107,TMS21F2245P0107,4244,1,,1,,,,,,
21.GS.C6.SN.Student2.IB-plant4245-TMS21F2245P0108,TMS21F2245P0108,4245,1,,1,,,,,,
21.GS.C6.SN.Student2.IB-plant4246-TMS21F2245P0109,TMS21F2245P0109,4246,1,,1,,,,,,
21.GS.C6.SN.Student2.IB-plant4247-TMS21F2245P0110,TMS21F2245P0110,4247,1,,1,,,,,,
21.GS.C6.SN.Student2.IB-plant4248-TMS21F2245P0111,TMS21F2245P0111,4248,1,,1,,,,,,
21.GS.C6.SN.Student2.IB-plant4249-TMS21F2245P0112,TMS21F2245P0112,4249,1,,1,,,,,,
21.GS.C6.SN.Student2.IB-plant4250-TMS21F2245P0113,TMS21F2245P0113,4250,1,,1,,,,,,
21.GS.C6.SN.Student2.IB-plant4251-TMS21F2245P0114,TMS21F2245P0114,4251,1,,1,,,,,,
21.GS.C6.SN.Student2.IB-plant4252-TMS21F2245P0115,TMS21F2245P0115,4252,1,,1,,,,,,
21.GS.C6.SN.Student2.IB-plant4253-TMS21F2245P0116,TMS21F2245P0116,4253,1,,1,,,,,,
21.GS.C6.SN.Student2.IB-plant4254-TMS21F2245P0117,TMS21F2245P0117,4254,1,,1,,,,,,
21.GS.C6.SN.Student2.IB-plant4255-TMS21F2245P0118,TMS21F2245P0118,4255,1,,1,,,,,,
21.GS.C6.SN.Student2.IB-plant4256-TMS21F2245P0119,TMS21F2245P0119,4256,1,,1,,,,,,
21.GS.C6.SN.Student2.IB-plant4257-TMS21F2245P0120,TMS21F2245P0120,4257,1,,1,,,,,,
21.GS.C6.SN.Student2.IB-plant4258-TMS21F2245P0121,TMS21F2245P0121,4258,1,,1,,,,,,
21.GS.C6.SN.Student2.IB-plant4259-TMS21F2245P0122,TMS21F2245P0122,4259,1,,1,,,,,,
21.GS.C6.SN.Student2.IB-plant4260-TMS21F2245P0123,TMS21F2245P0123,4260,1,,1,,,,,,
21.GS.C6.SN.Student2.IB-plant4261-TMS21F2245P0124,TMS21F2245P0124,4261,1,,1,,,,,,
21.GS.C6.SN.Student2.IB-plant4262-TMS21F2245P0125,TMS21F2245P0125,4262,1,,1,,,,,,
21.GS.C6.SN.Student2.IB-plant4263-TMS21F2245P0126,TMS21F2245P0126,4263,1,,1,,,,,,
21.GS.C6.SN.Student2.IB-plant4264-TMS21F2245P0127,TMS21F2245P0127,4264,1,,1,,,,,,
21.GS.C6.SN.Student2.IB-plant4265-TMS21F2245P0128,TMS21F2245P0128,4265,1,,1,,,,,,
21.GS.C6.SN.Student2.IB-plant4266-TMS21F2245P0129,TMS21F2245P0129,4266,1,,1,,,,,,
21.GS.C6.SN.Student2.IB-plant4267-TMS21F2245P0130,TMS21F2245P0130,4267,1,,1,,,,,,
21.GS.C6.SN.Student2.IB-plant4268-TMS21F2245P0131,TMS21F2245P0131,4268,1,,1,,,,,,
21.GS.C6.SN.Student2.IB-plant4269-TMS21F2246P0001,TMS21F2246P0001,4269,1,,1,,,,,,
21.GS.C6.SN.Student2.IB-plant4270-TMS21F2246P0002,TMS21F2246P0002,4270,1,,1,,,,,,
21.GS.C6.SN.Student2.IB-plant4271-TMS21F2246P0003,TMS21F2246P0003,4271,1,,1,,,,,,
21.GS.C6.SN.Student2.IB-plant4272-TMS21F2246P0004,TMS21F2246P0004,4272,1,,1,,,,,,
21.GS.C6.SN.Student2.IB-plant4273-TMS21F2246P0005,TMS21F2246P0005,4273,1,,1,,,,,,
21.GS.C6.SN.Student2.IB-plant4274-TMS21F2246P0006,TMS21F2246P0006,4274,1,,1,,,,,,
21.GS.C6.SN.Student2.IB-plant4275-TMS21F2246P0007,TMS21F2246P0007,4275,1,,1,,,,,,
21.GS.C6.SN.Student2.IB-plant4276-TMS21F2246P0008,TMS21F2246P0008,4276,1,,1,,,,,,
21.GS.C6.SN.Student2.IB-plant4277-TMS21F2246P0009,TMS21F2246P0009,4277,1,,1,,,,,,
21.GS.C6.SN.Student2.IB-plant4278-TMS21F2246P0010,TMS21F2246P0010,4278,1,,1,,,,,,
21.GS.C6.SN.Student2.IB-plant4279-TMS21F2246P0011,TMS21F2246P0011,4279,1,,1,,,,,,
21.GS.C6.SN.Student2.IB-plant4280-TMS21F2246P0012,TMS21F2246P0012,4280,1,,1,,,,,,
21.GS.C6.SN.Student2.IB-plant4281-TMS21F2246P0013,TMS21F2246P0013,4281,1,,1,,,,,,
21.GS.C6.SN.Student2.IB-plant4282-TMS21F2246P0014,TMS21F2246P0014,4282,1,,1,,,,,,
21.GS.C6.SN.Student2.IB-plant4283-TMS21F2246P0015,TMS21F2246P0015,4283,1,,1,,,,,,
21.GS.C6.SN.Student2.IB-plant4284-TMS21F2246P0016,TMS21F2246P0016,4284,1,,1,,,,,,
21.GS.C6.SN.Student2.IB-plant4285-TMS21F2246P0017,TMS21F2246P0017,4285,1,,1,,,,,,
21.GS.C6.SN.Student2.IB-plant4286-TMS21F2246P0018,TMS21F2246P0018,4286,1,,1,,,,,,
21.GS.C6.SN.Student2.IB-plant4287-TMS21F2246P0019,TMS21F2246P0019,4287,1,,1,,,,,,
21.GS.C6.SN.Student2.IB-plant4288-TMS21F2246P0020,TMS21F2246P0020,4288,1,,1,,,,,,
21.GS.C6.SN.Student2.IB-plant4289-TMS21F2246P0021,TMS21F2246P0021,4289,1,,1,,,,,,
21.GS.C6.SN.Student2.IB-plant4290-TMS21F2246P0022,TMS21F2246P0022,4290,1,,1,,,,,,
21.GS.C6.SN.Student2.IB-plant4291-TMS21F2246P0023,TMS21F2246P0023,4291,1,,1,,,,,,
21.GS.C6.SN.Student2.IB-plant4292-TMS21F2246P0024,TMS21F2246P0024,4292,1,,1,,,,,,
21.GS.C6.SN.Student2.IB-plant4293-TMS21F2246P0025,TMS21F2246P0025,4293,1,,1,,,,,,
21.GS.C6.SN.Student2.IB-plant4294-TMS21F2246P0026,TMS21F2246P0026,4294,1,,1,,,,,,
21.GS.C6.SN.Student2.IB-plant4295-TMS21F2246P0027,TMS21F2246P0027,4295,1,,1,,,,,,
21.GS.C6.SN.Student2.IB-plant4296-TMS21F2246P0028,TMS21F2246P0028,4296,1,,1,,,,,,
21.GS.C6.SN.Student2.IB-plant4297-TMS21F2246P0029,TMS21F2246P0029,4297,1,,1,,,,,,
21.GS.C6.SN.Student2.IB-plant4298-TMS21F2246P0030,TMS21F2246P0030,4298,1,,1,,,,,,
21.GS.C6.SN.Student2.IB-plant4299-TMS21F2246P0031,TMS21F2246P0031,4299,1,,1,,,,,,
21.GS.C6.SN.Student2.IB-plant4300-TMS21F2246P0032,TMS21F2246P0032,4300,1,,1,,,,,,
21.GS.C6.SN.Student2.IB-plant4301-TMS21F2246P0033,TMS21F2246P0033,4301,1,,1,,,,,,
21.GS.C6.SN.Student2.IB-plant4302-TMS21F2246P0034,TMS21F2246P0034,4302,1,,1,,,,,,
21.GS.C6.SN.Student2.IB-plant4303-TMS21F2246P0035,TMS21F2246P0035,4303,1,,1,,,,,,
21.GS.C6.SN.Student2.IB-plant4304-TMS21F2246P0036,TMS21F2246P0036,4304,1,,1,,,,,,
21.GS.C6.SN.Student2.IB-plant4305-TMS21F2246P0037,TMS21F2246P0037,4305,1,,1,,,,,,
21.GS.C6.SN.Student2.IB-plant4306-TMS21F2246P0038,TMS21F2246P0038,4306,1,,1,,,,,,
21.GS.C6.SN.Student2.IB-plant4307-TMS21F2246P0039,TMS21F2246P0039,4307,1,,1,,,,,,
21.GS.C6.SN.Student2.IB-plant4308-TMS21F2246P0040,TMS21F2246P0040,4308,1,,1,,,,,,
21.GS.C6.SN.Student2.IB-plant4309-TMS21F2246P0041,TMS21F2246P0041,4309,1,,1,,,,,,
21.GS.C6.SN.Student2.IB-plant4310-TMS21F2246P0042,TMS21F2246P0042,4310,1,,1,,,,,,
21.GS.C6.SN.Student2.IB-plant4311-TMS21F2246P0043,TMS21F2246P0043,4311,1,,1,,,,,,
21.GS.C6.SN.Student2.IB-plant4312-TMS21F2246P0044,TMS21F2246P0044,4312,1,,1,,,,,,
21.GS.C6.SN.Student2.IB-plant4313-TMS21F2246P0045,TMS21F2246P0045,4313,1,,1,,,,,,
21.GS.C6.SN.Student2.IB-plant4314-TMS21F2246P0046,TMS21F2246P0046,4314,1,,1,,,,,,
21.GS.C6.SN.Student2.IB-plant4315-TMS21F2246P0047,TMS21F2246P0047,4315,1,,1,,,,,,
21.GS.C6.SN.Student2.IB-plant4316-TMS21F2246P0048,TMS21F2246P0048,4316,1,,1,,,,,,
21.GS.C6.SN.Student2.IB-plant4317-TMS21F2246P0049,TMS21F2246P0049,4317,1,,1,,,,,,
21.GS.C6.SN.Student2.IB-plant4318-TMS21F2246P0050,TMS21F2246P0050,4318,1,,1,,,,,,
21.GS.C6.SN.Student2.IB-plant4319-TMS21F2246P0051,TMS21F2246P0051,4319,1,,1,,,,,,
21.GS.C6.SN.Student2.IB-plant4320-TMS21F2246P0052,TMS21F2246P0052,4320,1,,1,,,,,,
21.GS.C6.SN.Student2.IB-plant4321-TMS21F2246P0053,TMS21F2246P0053,4321,1,,1,,,,,,
21.GS.C6.SN.Student2.IB-plant4322-TMS21F2246P0054,TMS21F2246P0054,4322,1,,1,,,,,,
21.GS.C6.SN.Student2.IB-plant4323-TMS21F2246P0055,TMS21F2246P0055,4323,1,,1,,,,,,
21.GS.C6.SN.Student2.IB-plant4324-TMS21F2246P0056,TMS21F2246P0056,4324,1,,1,,,,,,
21.GS.C6.SN.Student2.IB-plant4325-TMS21F2246P0057,TMS21F2246P0057,4325,1,,1,,,,,,
21.GS.C6.SN.Student2.IB-plant4326-TMS21F2246P0058,TMS21F2246P0058,4326,1,,1,,,,,,
21.GS.C6.SN.Student2.IB-plant4327-TMS21F2246P0059,TMS21F2246P0059,4327,1,,1,,,,,,
21.GS.C6.SN.Student2.IB-plant4328-TMS21F2246P0060,TMS21F2246P0060,4328,1,,1,,,,,,
21.GS.C6.SN.Student2.IB-plant4329-TMS21F2246P0061,TMS21F2246P0061,4329,1,,1,,,,,,
21.GS.C6.SN.Student2.IB-plant4330-TMS21F2246P0062,TMS21F2246P0062,4330,1,,1,,,,,,
21.GS.C6.SN.Student2.IB-plant4331-TMS21F2246P0063,TMS21F2246P0063,4331,1,,1,,,,,,
21.GS.C6.SN.Student2.IB-plant4332-TMS21F2246P0064,TMS21F2246P0064,4332,1,,1,,,,,,
21.GS.C6.SN.Student2.IB-plant4333-TMS21F2246P0065,TMS21F2246P0065,4333,1,,1,,,,,,
21.GS.C6.SN.Student2.IB-plant4334-TMS21F2246P0066,TMS21F2246P0066,4334,1,,1,,,,,,
21.GS.C6.SN.Student2.IB-plant4335-TMS21F2246P0067,TMS21F2246P0067,4335,1,,1,,,,,,
21.GS.C6.SN.Student2.IB-plant4336-TMS21F2246P0068,TMS21F2246P0068,4336,1,,1,,,,,,
21.GS.C6.SN.Student2.IB-plant4337-TMS21F2246P0069,TMS21F2246P0069,4337,1,,1,,,,,,
21.GS.C6.SN.Student2.IB-plant4338-TMS21F2246P0070,TMS21F2246P0070,4338,1,,1,,,,,,
21.GS.C6.SN.Student2.IB-plant4339-TMS21F2246P0071,TMS21F2246P0071,4339,1,,1,,,,,,
21.GS.C6.SN.Student2.IB-plant4340-TMS21F2246P0072,TMS21F2246P0072,4340,1,,1,,,,,,
21.GS.C6.SN.Student2.IB-plant4341-TMS21F2246P0073,TMS21F2246P0073,4341,1,,1,,,,,,
21.GS.C6.SN.Student2.IB-plant4342-TMS21F2246P0074,TMS21F2246P0074,4342,1,,1,,,,,,
21.GS.C6.SN.Student2.IB-plant4343-TMS21F2246P0075,TMS21F2246P0075,4343,1,,1,,,,,,
21.GS.C6.SN.Student2.IB-plant4344-TMS21F2246P0076,TMS21F2246P0076,4344,1,,1,,,,,,
21.GS.C6.SN.Student2.IB-plant4345-TMS21F2246P0077,TMS21F2246P0077,4345,1,,1,,,,,,
21.GS.C6.SN.Student2.IB-plant4346-TMS21F2246P0078,TMS21F2246P0078,4346,1,,1,,,,,,
21.GS.C6.SN.Student2.IB-plant4347-TMS21F2246P0079,TMS21F2246P0079,4347,1,,1,,,,,,
21.GS.C6.SN.Student2.IB-plant4348-TMS21F2246P0080,TMS21F2246P0080,4348,1,,1,,,,,,
21.GS.C6.SN.Student2.IB-plant4349-TMS21F2246P0081,TMS21F2246P0081,4349,1,,1,,,,,,
21.GS.C6.SN.Student2.IB-plant4350-TMS21F2246P0082,TMS21F2246P0082,4350,1,,1,,,,,,
21.GS.C6.SN.Student2.IB-plant4351-TMS21F2246P0083,TMS21F2246P0083,4351,1,,1,,,,,,
21.GS.C6.SN.Student2.IB-plant4352-TMS21F2246P0084,TMS21F2246P0084,4352,1,,1,,,,,,
21.GS.C6.SN.Student2.IB-plant4353-TMS21F2246P0085,TMS21F2246P0085,4353,1,,1,,,,,,
21.GS.C6.SN.Student2.IB-plant4354-TMS21F2246P0086,TMS21F2246P0086,4354,1,,1,,,,,,
21.GS.C6.SN.Student2.IB-plant4355-TMS21F2246P0087,TMS21F2246P0087,4355,1,,1,,,,,,
21.GS.C6.SN.Student2.IB-plant4356-TMS21F2246P0088,TMS21F2246P0088,4356,1,,1,,,,,,
21.GS.C6.SN.Student2.IB-plant4357-TMS21F2246P0089,TMS21F2246P0089,4357,1,,1,,,,,,
21.GS.C6.SN.Student2.IB-plant4358-TMS21F2246P0090,TMS21F2246P0090,4358,1,,1,,,,,,
21.GS.C6.SN.Student2.IB-plant4359-TMS21F2246P0091,TMS21F2246P0091,4359,1,,1,,,,,,
21.GS.C6.SN.Student2.IB-plant4360-TMS21F2246P0092,TMS21F2246P0092,4360,1,,1,,,,,,
21.GS.C6.SN.Student2.IB-plant4361-TMS21F2246P0093,TMS21F2246P0093,4361,1,,1,,,,,,
21.GS.C6.SN.Student2.IB-plant4362-TMS21F2246P0094,TMS21F2246P0094,4362,1,,1,,,,,,
21.GS.C6.SN.Student2.IB-plant4363-TMS21F2246P0095,TMS21F2246P0095,4363,1,,1,,,,,,
21.GS.C6.SN.Student2.IB-plant4364-TMS21F2246P0096,TMS21F2246P0096,4364,1,,1,,,,,,
21.GS.C6.SN.Student2.IB-plant4365-TMS21F2246P0097,TMS21F2246P0097,4365,1,,1,,,,,,
21.GS.C6.SN.Student2.IB-plant4366-TMS21F2246P0098,TMS21F2246P0098,4366,1,,1,,,,,,
21.GS.C6.SN.Student2.IB-plant4367-TMS21F2246P0099,TMS21F2246P0099,4367,1,,1,,,,,,
21.GS.C6.SN.Student2.IB-plant4368-TMS21F2246P0100,TMS21F2246P0100,4368,1,,1,,,,,,
21.GS.C6.SN.Student2.IB-plant4369-TMS21F2246P0101,TMS21F2246P0101,4369,1,,1,,,,,,
21.GS.C6.SN.Student2.IB-plant4370-TMS21F2246P0102,TMS21F2246P0102,4370,1,,1,,,,,,
21.GS.C6.SN.Student2.IB-plant4371-TMS21F2246P0103,TMS21F2246P0103,4371,1,,1,,,,,,
21.GS.C6.SN.Student2.IB-plant4372-TMS21F2246P0104,TMS21F2246P0104,4372,1,,1,,,,,,
21.GS.C6.SN.Student2.IB-plant4373-TMS21F2246P0105,TMS21F2246P0105,4373,1,,1,,,,,,
21.GS.C6.SN.Student2.IB-plant4374-TMS21F2246P0106,TMS21F2246P0106,4374,1,,1,,,,,,
21.GS.C6.SN.Student2.IB-plant4375-TMS21F2246P0107,TMS21F2246P0107,4375,1,,1,,,,,,
21.GS.C6.SN.Student2.IB-plant4376-TMS21F2246P0108,TMS21F2246P0108,4376,1,,1,,,,,,
21.GS.C6.SN.Student2.IB-plant4377-TMS21F2246P0109,TMS21F2246P0109,4377,1,,1,,,,,,
21.GS.C6.SN.Student2.IB-plant4378-TMS21F2246P0110,TMS21F2246P0110,4378,1,,1,,,,,,
21.GS.C6.SN.Student2.IB-plant4379-TMS21F2246P0111,TMS21F2246P0111,4379,1,,1,,,,,,
21.GS.C6.SN.Student2.IB-plant4380-TMS21F2246P0112,TMS21F2246P0112,4380,1,,1,,,,,,
21.GS.C6.SN.Student2.IB-plant4381-TMS21F2246P0113,TMS21F2246P0113,4381,1,,1,,,,,,
21.GS.C6.SN.Student2.IB-plant4382-TMS21F2246P0114,TMS21F2246P0114,4382,1,,1,,,,,,
21.GS.C6.SN.Student2.IB-plant4383-TMS21F2246P0115,TMS21F2246P0115,4383,1,,1,,,,,,
21.GS.C6.SN.Student2.IB-plant4384-TMS21F2246P0116,TMS21F2246P0116,4384,1,,1,,,,,,
21.GS.C6.SN.Student2.IB-plant4385-TMS21F2246P0117,TMS21F2246P0117,4385,1,,1,,,,,,
21.GS.C6.SN.Student2.IB-plant4386-TMS21F2246P0118,TMS21F2246P0118,4386,1,,1,,,,,,
21.GS.C6.SN.Student2.IB-plant4387-TMS21F2246P0119,TMS21F2246P0119,4387,1,,1,,,,,,
21.GS.C6.SN.Student2.IB-plant4388-TMS21F2246P0120,TMS21F2246P0120,4388,1,,1,,,,,,
21.GS.C6.SN.Student2.IB-plant4389-TMS21F2246P0121,TMS21F2246P0121,4389,1,,1,,,,,,
21.GS.C6.SN.Student2.IB-plant4390-TMS21F2246P0122,TMS21F2246P0122,4390,1,,1,,,,,,
21.GS.C6.SN.Student2.IB-plant4391-TMS21F2246P0123,TMS21F2246P0123,4391,1,,1,,,,,,
21.GS.C6.SN.Student2.IB-plant4392-TMS21F2246P0124,TMS21F2246P0124,4392,1,,1,,,,,,
21.GS.C6.SN.Student2.IB-plant4393-TMS21F2246P0125,TMS21F2246P0125,4393,1,,1,,,,,,
21.GS.C6.SN.Student2.IB-plant4394-TMS21F2246P0126,TMS21F2246P0126,4394,1,,1,,,,,,
21.GS.C6.SN.Student2.IB-plant4395-TMS21F2246P0127,TMS21F2246P0127,4395,1,,1,,,,,,
21.GS.C6.SN.Student2.IB-plant4396-TMS21F2246P0128,TMS21F2246P0128,4396,1,,1,,,,,,
21.GS.C6.SN.Student2.IB-plant4397-TMS21F2246P0129,TMS21F2246P0129,4397,1,,1,,,,,,
21.GS.C6.SN.Student2.IB-plant4398-TMS21F2246P0130,TMS21F2246P0130,4398,1,,1,,,,,,
21.GS.C6.SN.Student2.IB-plant4399-TMS21F2246P0131,TMS21F2246P0131,4399,1,,1,,,,,,
21.GS.C6.SN.Student2.IB-plant4400-TMS21F2246P0132,TMS21F2246P0132,4400,1,,1,,,,,,
21.GS.C6.SN.Student2.IB-plant4401-TMS21F2246P0133,TMS21F2246P0133,4401,1,,1,,,,,,
21.GS.C6.SN.Student2.IB-plant4402-TMS21F2246P0134,TMS21F2246P0134,4402,1,,1,,,,,,
21.GS.C6.SN.Student2.IB-plant4403-TMS21F2247P0001,TMS21F2247P0001,4403,1,,1,,,,,,
21.GS.C6.SN.Student2.IB-plant4404-TMS21F2247P0002,TMS21F2247P0002,4404,1,,1,,,,,,
21.GS.C6.SN.Student2.IB-plant4405-TMS21F2247P0003,TMS21F2247P0003,4405,1,,1,,,,,,
21.GS.C6.SN.Student2.IB-plant4406-TMS21F2247P0004,TMS21F2247P0004,4406,1,,1,,,,,,
21.GS.C6.SN.Student2.IB-plant4407-TMS21F2247P0005,TMS21F2247P0005,4407,1,,1,,,,,,
21.GS.C6.SN.Student2.IB-plant4408-TMS21F2247P0006,TMS21F2247P0006,4408,1,,1,,,,,,
21.GS.C6.SN.Student2.IB-plant4409-TMS21F2247P0007,TMS21F2247P0007,4409,1,,1,,,,,,
21.GS.C6.SN.Student2.IB-plant4410-TMS21F2247P0008,TMS21F2247P0008,4410,1,,1,,,,,,
21.GS.C6.SN.Student2.IB-plant4411-TMS21F2247P0009,TMS21F2247P0009,4411,1,,1,,,,,,
21.GS.C6.SN.Student2.IB-plant4412-TMS21F2247P0010,TMS21F2247P0010,4412,1,,1,,,,,,
21.GS.C6.SN.Student2.IB-plant4413-TMS21F2247P0011,TMS21F2247P0011,4413,1,,1,,,,,,
21.GS.C6.SN.Student2.IB-plant4414-TMS21F2247P0012,TMS21F2247P0012,4414,1,,1,,,,,,
21.GS.C6.SN.Student2.IB-plant4415-TMS21F2247P0013,TMS21F2247P0013,4415,1,,1,,,,,,
21.GS.C6.SN.Student2.IB-plant4416-TMS21F2247P0014,TMS21F2247P0014,4416,1,,1,,,,,,
21.GS.C6.SN.Student2.IB-plant4417-TMS21F2247P0015,TMS21F2247P0015,4417,1,,1,,,,,,
21.GS.C6.SN.Student2.IB-plant4418-TMS21F2247P0016,TMS21F2247P0016,4418,1,,1,,,,,,
21.GS.C6.SN.Student2.IB-plant4419-TMS21F2247P0017,TMS21F2247P0017,4419,1,,1,,,,,,
21.GS.C6.SN.Student2.IB-plant4420-TMS21F2247P0018,TMS21F2247P0018,4420,1,,1,,,,,,
21.GS.C6.SN.Student2.IB-plant4421-TMS21F2247P0019,TMS21F2247P0019,4421,1,,1,,,,,,
21.GS.C6.SN.Student2.IB-plant4422-TMS21F2247P0020,TMS21F2247P0020,4422,1,,1,,,,,,
21.GS.C6.SN.Student2.IB-plant4423-TMS21F2247P0021,TMS21F2247P0021,4423,1,,1,,,,,,
21.GS.C6.SN.Student2.IB-plant4424-TMS21F2247P0022,TMS21F2247P0022,4424,1,,1,,,,,,
21.GS.C6.SN.Student2.IB-plant4425-TMS21F2247P0023,TMS21F2247P0023,4425,1,,1,,,,,,
21.GS.C6.SN.Student2.IB-plant4426-TMS21F2247P0024,TMS21F2247P0024,4426,1,,1,,,,,,
21.GS.C6.SN.Student2.IB-plant4427-TMS21F2247P0025,TMS21F2247P0025,4427,1,,1,,,,,,
21.GS.C6.SN.Student2.IB-plant4428-TMS21F2247P0026,TMS21F2247P0026,4428,1,,1,,,,,,
21.GS.C6.SN.Student2.IB-plant4429-TMS21F2247P0027,TMS21F2247P0027,4429,1,,1,,,,,,
21.GS.C6.SN.Student2.IB-plant4430-TMS21F2247P0028,TMS21F2247P0028,4430,1,,1,,,,,,
21.GS.C6.SN.Student2.IB-plant4431-TMS21F2247P0029,TMS21F2247P0029,4431,1,,1,,,,,,
21.GS.C6.SN.Student2.IB-plant4432-TMS21F2247P0030,TMS21F2247P0030,4432,1,,1,,,,,,
21.GS.C6.SN.Student2.IB-plant4433-TMS21F2247P0031,TMS21F2247P0031,4433,1,,1,,,,,,
21.GS.C6.SN.Student2.IB-plant4434-TMS21F2247P0032,TMS21F2247P0032,4434,1,,1,,,,,,
21.GS.C6.SN.Student2.IB-plant4435-TMS21F2247P0033,TMS21F2247P0033,4435,1,,1,,,,,,
21.GS.C6.SN.Student2.IB-plant4436-TMS21F2247P0034,TMS21F2247P0034,4436,1,,1,,,,,,
21.GS.C6.SN.Student2.IB-plant4437-TMS21F2247P0035,TMS21F2247P0035,4437,1,,1,,,,,,
21.GS.C6.SN.Student2.IB-plant4438-TMS21F2247P0036,TMS21F2247P0036,4438,1,,1,,,,,,
21.GS.C6.SN.Student2.IB-plant4439-TMS21F2247P0037,TMS21F2247P0037,4439,1,,1,,,,,,
21.GS.C6.SN.Student2.IB-plant4440-TMS21F2247P0038,TMS21F2247P0038,4440,1,,1,,,,,,
21.GS.C6.SN.Student2.IB-plant4441-TMS21F2247P0039,TMS21F2247P0039,4441,1,,1,,,,,,
21.GS.C6.SN.Student2.IB-plant4442-TMS21F2247P0040,TMS21F2247P0040,4442,1,,1,,,,,,
21.GS.C6.SN.Student2.IB-plant4443-TMS21F2247P0041,TMS21F2247P0041,4443,1,,1,,,,,,
21.GS.C6.SN.Student2.IB-plant4444-TMS21F2247P0042,TMS21F2247P0042,4444,1,,1,,,,,,
21.GS.C6.SN.Student2.IB-plant4445-TMS21F2247P0043,TMS21F2247P0043,4445,1,,1,,,,,,
21.GS.C6.SN.Student2.IB-plant4446-TMS21F2247P0044,TMS21F2247P0044,4446,1,,1,,,,,,
21.GS.C6.SN.Student2.IB-plant4447-TMS21F2247P0045,TMS21F2247P0045,4447,1,,1,,,,,,
21.GS.C6.SN.Student2.IB-plant4448-TMS21F2247P0046,TMS21F2247P0046,4448,1,,1,,,,,,
21.GS.C6.SN.Student2.IB-plant4449-TMS21F2247P0047,TMS21F2247P0047,4449,1,,1,,,,,,
21.GS.C6.SN.Student2.IB-plant4450-TMS21F2247P0048,TMS21F2247P0048,4450,1,,1,,,,,,
21.GS.C6.SN.Student2.IB-plant4451-TMS21F2247P0049,TMS21F2247P0049,4451,1,,1,,,,,,
21.GS.C6.SN.Student2.IB-plant4452-TMS21F2247P0050,TMS21F2247P0050,4452,1,,1,,,,,,
21.GS.C6.SN.Student2.IB-plant4453-TMS21F2247P0051,TMS21F2247P0051,4453,1,,1,,,,,,
21.GS.C6.SN.Student2.IB-plant4454-TMS21F2247P0052,TMS21F2247P0052,4454,1,,1,,,,,,
21.GS.C6.SN.Student2.IB-plant4455-TMS21F2247P0053,TMS21F2247P0053,4455,1,,1,,,,,,
21.GS.C6.SN.Student2.IB-plant4456-TMS21F2247P0054,TMS21F2247P0054,4456,1,,1,,,,,,
21.GS.C6.SN.Student2.IB-plant4457-TMS21F2247P0055,TMS21F2247P0055,4457,1,,1,,,,,,
21.GS.C6.SN.Student2.IB-plant4458-TMS21F2247P0056,TMS21F2247P0056,4458,1,,1,,,,,,
21.GS.C6.SN.Student2.IB-plant4459-TMS21F2247P0057,TMS21F2247P0057,4459,1,,1,,,,,,
21.GS.C6.SN.Student2.IB-plant4460-TMS21F2247P0058,TMS21F2247P0058,4460,1,,1,,,,,,
21.GS.C6.SN.Student2.IB-plant4461-TMS21F2247P0059,TMS21F2247P0059,4461,1,,1,,,,,,
21.GS.C6.SN.Student2.IB-plant4462-TMS21F2247P0060,TMS21F2247P0060,4462,1,,1,,,,,,
21.GS.C6.SN.Student2.IB-plant4463-TMS21F2247P0061,TMS21F2247P0061,4463,1,,1,,,,,,
21.GS.C6.SN.Student2.IB-plant4464-TMS21F2247P0062,TMS21F2247P0062,4464,1,,1,,,,,,
21.GS.C6.SN.Student2.IB-plant4465-TMS21F2247P0063,TMS21F2247P0063,4465,1,,1,,,,,,
21.GS.C6.SN.Student2.IB-plant4466-TMS21F2247P0064,TMS21F2247P0064,4466,1,,1,,,,,,
21.GS.C6.SN.Student2.IB-plant4467-TMS21F2247P0065,TMS21F2247P0065,4467,1,,1,,,,,,
21.GS.C6.SN.Student2.IB-plant4468-TMS21F2247P0066,TMS21F2247P0066,4468,1,,1,,,,,,
21.GS.C6.SN.Student2.IB-plant4469-TMS21F2247P0067,TMS21F2247P0067,4469,1,,1,,,,,,
21.GS.C6.SN.Student2.IB-plant4470-TMS21F2247P0068,TMS21F2247P0068,4470,1,,1,,,,,,
21.GS.C6.SN.Student2.IB-plant4471-TMS21F2247P0069,TMS21F2247P0069,4471,1,,1,,,,,,
21.GS.C6.SN.Student2.IB-plant4472-TMS21F2247P0070,TMS21F2247P0070,4472,1,,1,,,,,,
21.GS.C6.SN.Student2.IB-plant4473-TMS21F2247P0071,TMS21F2247P0071,4473,1,,1,,,,,,
21.GS.C6.SN.Student2.IB-plant4474-TMS21F2247P0072,TMS21F2247P0072,4474,1,,1,,,,,,
21.GS.C6.SN.Student2.IB-plant4475-TMS21F2247P0073,TMS21F2247P0073,4475,1,,1,,,,,,
21.GS.C6.SN.Student2.IB-plant4476-TMS21F2247P0074,TMS21F2247P0074,4476,1,,1,,,,,,
21.GS.C6.SN.Student2.IB-plant4477-TMS21F2247P0075,TMS21F2247P0075,4477,1,,1,,,,,,
21.GS.C6.SN.Student2.IB-plant4478-TMS21F2247P0076,TMS21F2247P0076,4478,1,,1,,,,,,
21.GS.C6.SN.Student2.IB-plant4479-TMS21F2247P0077,TMS21F2247P0077,4479,1,,1,,,,,,
21.GS.C6.SN.Student2.IB-plant4480-TMS21F2247P0078,TMS21F2247P0078,4480,1,,1,,,,,,
21.GS.C6.SN.Student2.IB-plant4481-TMS21F2247P0079,TMS21F2247P0079,4481,1,,1,,,,,,
21.GS.C6.SN.Student2.IB-plant4482-TMS21F2247P0080,TMS21F2247P0080,4482,1,,1,,,,,,
21.GS.C6.SN.Student2.IB-plant4483-TMS21F2247P0081,TMS21F2247P0081,4483,1,,1,,,,,,
21.GS.C6.SN.Student2.IB-plant4484-TMS21F2247P0082,TMS21F2247P0082,4484,1,,1,,,,,,
21.GS.C6.SN.Student2.IB-plant4485-TMS21F2247P0083,TMS21F2247P0083,4485,1,,1,,,,,,
21.GS.C6.SN.Student2.IB-plant4486-TMS21F2247P0084,TMS21F2247P0084,4486,1,,1,,,,,,
21.GS.C6.SN.Student2.IB-plant4487-TMS21F2247P0085,TMS21F2247P0085,4487,1,,1,,,,,,
21.GS.C6.SN.Student2.IB-plant4488-TMS21F2247P0086,TMS21F2247P0086,4488,1,,1,,,,,,
21.GS.C6.SN.Student2.IB-plant4489-TMS21F2247P0087,TMS21F2247P0087,4489,1,,1,,,,,,
21.GS.C6.SN.Student2.IB-plant4490-TMS21F2247P0088,TMS21F2247P0088,4490,1,,1,,,,,,
21.GS.C6.SN.Student2.IB-plant4491-TMS21F2248P0001,TMS21F2248P0001,4491,1,,1,,,,,,
21.GS.C6.SN.Student2.IB-plant4492-TMS21F2248P0002,TMS21F2248P0002,4492,1,,1,,,,,,
21.GS.C6.SN.Student2.IB-plant4493-TMS21F2248P0003,TMS21F2248P0003,4493,1,,1,,,,,,
21.GS.C6.SN.Student2.IB-plant4494-TMS21F2248P0004,TMS21F2248P0004,4494,1,,1,,,,,,
21.GS.C6.SN.Student2.IB-plant4495-TMS21F2248P0005,TMS21F2248P0005,4495,1,,1,,,,,,
21.GS.C6.SN.Student2.IB-plant4496-TMS21F2248P0006,TMS21F2248P0006,4496,1,,1,,,,,,
21.GS.C6.SN.Student2.IB-plant4497-TMS21F2248P0007,TMS21F2248P0007,4497,1,,1,,,,,,
21.GS.C6.SN.Student2.IB-plant4498-TMS21F2248P0008,TMS21F2248P0008,4498,1,,1,,,,,,
21.GS.C6.SN.Student2.IB-plant4499-TMS21F2248P0009,TMS21F2248P0009,4499,1,,1,,,,,,
21.GS.C6.SN.Student2.IB-plant4500-TMS21F2248P0010,TMS21F2248P0010,4500,1,,1,,,,,,
21.GS.C6.SN.Student2.IB-plant4501-TMS21F2248P0011,TMS21F2248P0011,4501,1,,1,,,,,,
21.GS.C6.SN.Student2.IB-plant4502-TMS21F2248P0012,TMS21F2248P0012,4502,1,,1,,,,,,
21.GS.C6.SN.Student2.IB-plant4503-TMS21F2248P0013,TMS21F2248P0013,4503,1,,1,,,,,,
21.GS.C6.SN.Student2.IB-plant4504-TMS21F2248P0014,TMS21F2248P0014,4504,1,,1,,,,,,
21.GS.C6.SN.Student2.IB-plant4505-TMS21F2248P0015,TMS21F2248P0015,4505,1,,1,,,,,,
21.GS.C6.SN.Student2.IB-plant4506-TMS21F2248P0016,TMS21F2248P0016,4506,1,,1,,,,,,
21.GS.C6.SN.Student2.IB-plant4507-TMS21F2248P0017,TMS21F2248P0017,4507,1,,1,,,,,,
21.GS.C6.SN.Student2.IB-plant4508-TMS21F2248P0018,TMS21F2248P0018,4508,1,,1,,,,,,
21.GS.C6.SN.Student2.IB-plant4509-TMS21F2248P0019,TMS21F2248P0019,4509,1,,1,,,,,,
21.GS.C6.SN.Student2.IB-plant4510-TMS21F2248P0020,TMS21F2248P0020,4510,1,,1,,,,,,
21.GS.C6.SN.Student2.IB-plant4511-TMS21F2248P0021,TMS21F2248P0021,4511,1,,1,,,,,,
21.GS.C6.SN.Student2.IB-plant4512-TMS21F2248P0022,TMS21F2248P0022,4512,1,,1,,,,,,
21.GS.C6.SN.Student2.IB-plant4513-TMS21F2248P0023,TMS21F2248P0023,4513,1,,1,,,,,,
21.GS.C6.SN.Student2.IB-plant4514-TMS21F2248P0024,TMS21F2248P0024,4514,1,,1,,,,,,
21.GS.C6.SN.Student2.IB-plant4515-TMS21F2248P0025,TMS21F2248P0025,4515,1,,1,,,,,,
21.GS.C6.SN.Student2.IB-plant4516-TMS21F2248P0026,TMS21F2248P0026,4516,1,,1,,,,,,
21.GS.C6.SN.Student2.IB-plant4517-TMS21F2248P0027,TMS21F2248P0027,4517,1,,1,,,,,,
21.GS.C6.SN.Student2.IB-plant4518-TMS21F2248P0028,TMS21F2248P0028,4518,1,,1,,,,,,
21.GS.C6.SN.Student2.IB-plant4519-TMS21F2248P0029,TMS21F2248P0029,4519,1,,1,,,,,,
21.GS.C6.SN.Student2.IB-plant4520-TMS21F2248P0030,TMS21F2248P0030,4520,1,,1,,,,,,
21.GS.C6.SN.Student2.IB-plant4521-TMS21F2248P0031,TMS21F2248P0031,4521,1,,1,,,,,,
21.GS.C6.SN.Student2.IB-plant4522-TMS21F2248P0032,TMS21F2248P0032,4522,1,,1,,,,,,
21.GS.C6.SN.Student2.IB-plant4523-TMS21F2248P0033,TMS21F2248P0033,4523,1,,1,,,,,,
21.GS.C6.SN.Student2.IB-plant4524-TMS21F2248P0034,TMS21F2248P0034,4524,1,,1,,,,,,
21.GS.C6.SN.Student2.IB-plant4525-TMS21F2248P0035,TMS21F2248P0035,4525,1,,1,,,,,,
21.GS.C6.SN.Student2.IB-plant4526-TMS21F2248P0036,TMS21F2248P0036,4526,1,,1,,,,,,
21.GS.C6.SN.Student2.IB-plant4527-TMS21F2248P0037,TMS21F2248P0037,4527,1,,1,,,,,,
21.GS.C6.SN.Student2.IB-plant4528-TMS21F2248P0038,TMS21F2248P0038,4528,1,,1,,,,,,
21.GS.C6.SN.Student2.IB-plant4529-TMS21F2248P0039,TMS21F2248P0039,4529,1,,1,,,,,,
21.GS.C6.SN.Student2.IB-plant4530-TMS21F2248P0040,TMS21F2248P0040,4530,1,,1,,,,,,
21.GS.C6.SN.Student2.IB-plant4531-TMS21F2248P0041,TMS21F2248P0041,4531,1,,1,,,,,,
21.GS.C6.SN.Student2.IB-plant4532-TMS21F2248P0042,TMS21F2248P0042,4532,1,,1,,,,,,
21.GS.C6.SN.Student2.IB-plant4533-TMS21F2248P0043,TMS21F2248P0043,4533,1,,1,,,,,,
21.GS.C6.SN.Student2.IB-plant4534-TMS21F2248P0044,TMS21F2248P0044,4534,1,,1,,,,,,
21.GS.C6.SN.Student2.IB-plant4535-TMS21F2248P0045,TMS21F2248P0045,4535,1,,1,,,,,,
21.GS.C6.SN.Student2.IB-plant4536-TMS21F2248P0046,TMS21F2248P0046,4536,1,,1,,,,,,
21.GS.C6.SN.Student2.IB-plant4537-TMS21F2248P0047,TMS21F2248P0047,4537,1,,1,,,,,,
21.GS.C6.SN.Student2.IB-plant4538-TMS21F2248P0048,TMS21F2248P0048,4538,1,,1,,,,,,
21.GS.C6.SN.Student2.IB-plant4539-TMS21F2248P0049,TMS21F2248P0049,4539,1,,1,,,,,,
21.GS.C6.SN.Student2.IB-plant4540-TMS21F2248P0050,TMS21F2248P0050,4540,1,,1,,,,,,
21.GS.C6.SN.Student2.IB-plant4541-TMS21F2248P0051,TMS21F2248P0051,4541,1,,1,,,,,,
21.GS.C6.SN.Student2.IB-plant4542-TMS21F2248P0052,TMS21F2248P0052,4542,1,,1,,,,,,
21.GS.C6.SN.Student2.IB-plant4543-TMS21F2248P0053,TMS21F2248P0053,4543,1,,1,,,,,,
21.GS.C6.SN.Student2.IB-plant4544-TMS21F2248P0054,TMS21F2248P0054,4544,1,,1,,,,,,
21.GS.C6.SN.Student2.IB-plant4545-TMS21F2248P0055,TMS21F2248P0055,4545,1,,1,,,,,,
21.GS.C6.SN.Student2.IB-plant4546-TMS21F2248P0056,TMS21F2248P0056,4546,1,,1,,,,,,
21.GS.C6.SN.Student2.IB-plant4547-TMS21F2248P0057,TMS21F2248P0057,4547,1,,1,,,,,,
21.GS.C6.SN.Student2.IB-plant4548-TMS21F2248P0058,TMS21F2248P0058,4548,1,,1,,,,,,
21.GS.C6.SN.Student2.IB-plant4549-TMS21F2248P0059,TMS21F2248P0059,4549,1,,1,,,,,,
21.GS.C6.SN.Student2.IB-plant4550-TMS21F2248P0060,TMS21F2248P0060,4550,1,,1,,,,,,
21.GS.C6.SN.Student2.IB-plant4551-TMS21F2248P0061,TMS21F2248P0061,4551,1,,1,,,,,,
21.GS.C6.SN.Student2.IB-plant4552-TMS21F2248P0062,TMS21F2248P0062,4552,1,,1,,,,,,
21.GS.C6.SN.Student2.IB-plant4553-TMS21F2248P0063,TMS21F2248P0063,4553,1,,1,,,,,,
21.GS.C6.SN.Student2.IB-plant4554-TMS21F2248P0064,TMS21F2248P0064,4554,1,,1,,,,,,
21.GS.C6.SN.Student2.IB-plant4555-TMS21F2248P0065,TMS21F2248P0065,4555,1,,1,,,,,,
21.GS.C6.SN.Student2.IB-plant4556-TMS21F2248P0066,TMS21F2248P0066,4556,1,,1,,,,,,
21.GS.C6.SN.Student2.IB-plant4557-TMS21F2248P0067,TMS21F2248P0067,4557,1,,1,,,,,,
21.GS.C6.SN.Student2.IB-plant4558-TMS21F2248P0068,TMS21F2248P0068,4558,1,,1,,,,,,
21.GS.C6.SN.Student2.IB-plant4559-TMS21F2248P0069,TMS21F2248P0069,4559,1,,1,,,,,,
21.GS.C6.SN.Student2.IB-plant4560-TMS21F2248P0070,TMS21F2248P0070,4560,1,,1,,,,,,
21.GS.C6.SN.Student2.IB-plant4561-TMS21F2248P0071,TMS21F2248P0071,4561,1,,1,,,,,,
21.GS.C6.SN.Student2.IB-plant4562-TMS21F2248P0072,TMS21F2248P0072,4562,1,,1,,,,,,
21.GS.C6.SN.Student2.IB-plant4563-TMS21F2248P0073,TMS21F2248P0073,4563,1,,1,,,,,,
21.GS.C6.SN.Student2.IB-plant4564-TMS21F2248P0074,TMS21F2248P0074,4564,1,,1,,,,,,
21.GS.C6.SN.Student2.IB-plant4565-TMS21F2248P0075,TMS21F2248P0075,4565,1,,1,,,,,,
21.GS.C6.SN.Student2.IB-plant4566-TMS21F2248P0076,TMS21F2248P0076,4566,1,,1,,,,,,
21.GS.C6.SN.Student2.IB-plant4567-TMS21F2248P0077,TMS21F2248P0077,4567,1,,1,,,,,,
21.GS.C6.SN.Student2.IB-plant4568-TMS21F2248P0078,TMS21F2248P0078,4568,1,,1,,,,,,
21.GS.C6.SN.Student2.IB-plant4569-TMS21F2248P0079,TMS21F2248P0079,4569,1,,1,,,,,,
21.GS.C6.SN.Student2.IB-plant4570-TMS21F2248P0080,TMS21F2248P0080,4570,1,,1,,,,,,
21.GS.C6.SN.Student2.IB-plant4571-TMS21F2248P0081,TMS21F2248P0081,4571,1,,1,,,,,,
21.GS.C6.SN.Student2.IB-plant4572-TMS21F2248P0082,TMS21F2248P0082,4572,1,,1,,,,,,
21.GS.C6.SN.Student2.IB-plant4573-TMS21F2248P0083,TMS21F2248P0083,4573,1,,1,,,,,,
21.GS.C6.SN.Student2.IB-plant4574-TMS21F2248P0084,TMS21F2248P0084,4574,1,,1,,,,,,
21.GS.C6.SN.Student2.IB-plant4575-TMS21F2248P0085,TMS21F2248P0085,4575,1,,1,,,,,,
21.GS.C6.SN.Student2.IB-plant4576-TMS21F2248P0086,TMS21F2248P0086,4576,1,,1,,,,,,
21.GS.C6.SN.Student2.IB-plant4577-TMS21F2248P0087,TMS21F2248P0087,4577,1,,1,,,,,,
21.GS.C6.SN.Student2.IB-plant4578-TMS21F2248P0088,TMS21F2248P0088,4578,1,,1,,,,,,
21.GS.C6.SN.Student2.IB-plant4579-TMS21F2248P0089,TMS21F2248P0089,4579,1,,1,,,,,,
21.GS.C6.SN.Student2.IB-plant4580-TMS21F2248P0090,TMS21F2248P0090,4580,1,,1,,,,,,
21.GS.C6.SN.Student2.IB-plant4581-TMS21F2248P0091,TMS21F2248P0091,4581,1,,1,,,,,,
21.GS.C6.SN.Student2.IB-plant4582-TMS21F2248P0092,TMS21F2248P0092,4582,1,,1,,,,,,
21.GS.C6.SN.Student2.IB-plant4583-TMS21F2248P0093,TMS21F2248P0093,4583,1,,1,,,,,,
21.GS.C6.SN.Student2.IB-plant4584-TMS21F2248P0094,TMS21F2248P0094,4584,1,,1,,,,,,
21.GS.C6.SN.Student2.IB-plant4585-TMS21F2248P0095,TMS21F2248P0095,4585,1,,1,,,,,,
21.GS.C6.SN.Student2.IB-plant4586-TMS21F2248P0096,TMS21F2248P0096,4586,1,,1,,,,,,
21.GS.C6.SN.Student2.IB-plant4587-TMS21F2248P0097,TMS21F2248P0097,4587,1,,1,,,,,,
21.GS.C6.SN.Student2.IB-plant4588-TMS21F2248P0098,TMS21F2248P0098,4588,1,,1,,,,,,
21.GS.C6.SN.Student2.IB-plant4589-TMS21F2248P0099,TMS21F2248P0099,4589,1,,1,,,,,,
21.GS.C6.SN.Student2.IB-plant4590-TMS21F2248P0100,TMS21F2248P0100,4590,1,,1,,,,,,
21.GS.C6.SN.Student2.IB-plant4591-TMS21F2248P0101,TMS21F2248P0101,4591,1,,1,,,,,,
21.GS.C6.SN.Student2.IB-plant4592-TMS21F2248P0102,TMS21F2248P0102,4592,1,,1,,,,,,
21.GS.C6.SN.Student2.IB-plant4593-TMS21F2248P0103,TMS21F2248P0103,4593,1,,1,,,,,,
21.GS.C6.SN.Student2.IB-plant4594-TMS21F2248P0104,TMS21F2248P0104,4594,1,,1,,,,,,
21.GS.C6.SN.Student2.IB-plant4595-TMS21F2248P0105,TMS21F2248P0105,4595,1,,1,,,,,,
21.GS.C6.SN.Student2.IB-plant4596-TMS21F2248P0106,TMS21F2248P0106,4596,1,,1,,,,,,
21.GS.C6.SN.Student2.IB-plant4597-TMS21F2248P0107,TMS21F2248P0107,4597,1,,1,,,,,,
21.GS.C6.SN.Student2.IB-plant4598-TMS21F2248P0108,TMS21F2248P0108,4598,1,,1,,,,,,
21.GS.C6.SN.Student2.IB-plant4599-TMS21F2248P0109,TMS21F2248P0109,4599,1,,1,,,,,,
21.GS.C6.SN.Student2.IB-plant4600-TMS21F2248P0110,TMS21F2248P0110,4600,1,,1,,,,,,
21.GS.C6.SN.Student2.IB-plant4601-TMS21F2248P0111,TMS21F2248P0111,4601,1,,1,,,,,,
21.GS.C6.SN.Student2.IB-plant4602-TMS21F2248P0112,TMS21F2248P0112,4602,1,,1,,,,,,
21.GS.C6.SN.Student2.IB-plant4603-TMS21F2248P0113,TMS21F2248P0113,4603,1,,1,,,,,,
21.GS.C6.SN.Student2.IB-plant4604-TMS21F2248P0114,TMS21F2248P0114,4604,1,,1,,,,,,
21.GS.C6.SN.Student2.IB-plant4605-TMS21F2248P0115,TMS21F2248P0115,4605,1,,1,,,,,,
21.GS.C6.SN.Student2.IB-plant4606-TMS21F2248P0116,TMS21F2248P0116,4606,1,,1,,,,,,
21.GS.C6.SN.Student2.IB-plant4607-TMS21F2248P0117,TMS21F2248P0117,4607,1,,1,,,,,,
21.GS.C6.SN.Student2.IB-plant4608-TMS21F2248P0118,TMS21F2248P0118,4608,1,,1,,,,,,
21.GS.C6.SN.Student2.IB-plant4609-TMS21F2248P0119,TMS21F2248P0119,4609,1,,1,,,,,,
21.GS.C6.SN.Student2.IB-plant4610-TMS21F2248P0120,TMS21F2248P0120,4610,1,,1,,,,,,
21.GS.C6.SN.Student2.IB-plant4611-TMS21F2248P0121,TMS21F2248P0121,4611,1,,1,,,,,,
21.GS.C6.SN.Student2.IB-plant4612-TMS21F2248P0122,TMS21F2248P0122,4612,1,,1,,,,,,
21.GS.C6.SN.Student2.IB-plant4613-TMS21F2248P0123,TMS21F2248P0123,4613,1,,1,,,,,,
21.GS.C6.SN.Student2.IB-plant4614-TMS21F2248P0124,TMS21F2248P0124,4614,1,,1,,,,,,
21.GS.C6.SN.Student2.IB-plant4615-TMS21F2248P0125,TMS21F2248P0125,4615,1,,1,,,,,,
21.GS.C6.SN.Student2.IB-plant4616-TMS21F2249P0001,TMS21F2249P0001,4616,1,,1,,,,,,
21.GS.C6.SN.Student2.IB-plant4617-TMS21F2249P0002,TMS21F2249P0002,4617,1,,1,,,,,,
21.GS.C6.SN.Student2.IB-plant4618-TMS21F2249P0003,TMS21F2249P0003,4618,1,,1,,,,,,
21.GS.C6.SN.Student2.IB-plant4619-TMS21F2249P0004,TMS21F2249P0004,4619,1,,1,,,,,,
21.GS.C6.SN.Student2.IB-plant4620-TMS21F2249P0005,TMS21F2249P0005,4620,1,,1,,,,,,
21.GS.C6.SN.Student2.IB-plant4621-TMS21F2249P0006,TMS21F2249P0006,4621,1,,1,,,,,,
21.GS.C6.SN.Student2.IB-plant4622-TMS21F2249P0007,TMS21F2249P0007,4622,1,,1,,,,,,
21.GS.C6.SN.Student2.IB-plant4623-TMS21F2249P0008,TMS21F2249P0008,4623,1,,1,,,,,,
21.GS.C6.SN.Student2.IB-plant4624-TMS21F2249P0009,TMS21F2249P0009,4624,1,,1,,,,,,
21.GS.C6.SN.Student2.IB-plant4625-TMS21F2249P0010,TMS21F2249P0010,4625,1,,1,,,,,,
21.GS.C6.SN.Student2.IB-plant4626-TMS21F2249P0011,TMS21F2249P0011,4626,1,,1,,,,,,
21.GS.C6.SN.Student2.IB-plant4627-TMS21F2249P0012,TMS21F2249P0012,4627,1,,1,,,,,,
21.GS.C6.SN.Student2.IB-plant4628-TMS21F2249P0013,TMS21F2249P0013,4628,1,,1,,,,,,
21.GS.C6.SN.Student2.IB-plant4629-TMS21F2249P0014,TMS21F2249P0014,4629,1,,1,,,,,,
21.GS.C6.SN.Student2.IB-plant4630-TMS21F2249P0015,TMS21F2249P0015,4630,1,,1,,,,,,
21.GS.C6.SN.Student2.IB-plant4631-TMS21F2249P0016,TMS21F2249P0016,4631,1,,1,,,,,,
21.GS.C6.SN.Student2.IB-plant4632-TMS21F2249P0017,TMS21F2249P0017,4632,1,,1,,,,,,
21.GS.C6.SN.Student2.IB-plant4633-TMS21F2249P0018,TMS21F2249P0018,4633,1,,1,,,,,,
21.GS.C6.SN.Student2.IB-plant4634-TMS21F2249P0019,TMS21F2249P0019,4634,1,,1,,,,,,
21.GS.C6.SN.Student2.IB-plant4635-TMS21F2249P0020,TMS21F2249P0020,4635,1,,1,,,,,,
21.GS.C6.SN.Student2.IB-plant4636-TMS21F2249P0021,TMS21F2249P0021,4636,1,,1,,,,,,
21.GS.C6.SN.Student2.IB-plant4637-TMS21F2249P0022,TMS21F2249P0022,4637,1,,1,,,,,,
21.GS.C6.SN.Student2.IB-plant4638-TMS21F2249P0023,TMS21F2249P0023,4638,1,,1,,,,,,
21.GS.C6.SN.Student2.IB-plant4639-TMS21F2249P0024,TMS21F2249P0024,4639,1,,1,,,,,,
21.GS.C6.SN.Student2.IB-plant4640-TMS21F2249P0025,TMS21F2249P0025,4640,1,,1,,,,,,
21.GS.C6.SN.Student2.IB-plant4641-TMS21F2249P0026,TMS21F2249P0026,4641,1,,1,,,,,,
21.GS.C6.SN.Student2.IB-plant4642-TMS21F2249P0027,TMS21F2249P0027,4642,1,,1,,,,,,
21.GS.C6.SN.Student2.IB-plant4643-TMS21F2249P0028,TMS21F2249P0028,4643,1,,1,,,,,,
21.GS.C6.SN.Student2.IB-plant4644-TMS21F2249P0029,TMS21F2249P0029,4644,1,,1,,,,,,
21.GS.C6.SN.Student2.IB-plant4645-TMS21F2249P0030,TMS21F2249P0030,4645,1,,1,,,,,,
21.GS.C6.SN.Student2.IB-plant4646-TMS21F2249P0031,TMS21F2249P0031,4646,1,,1,,,,,,
21.GS.C6.SN.Student2.IB-plant4647-TMS21F2249P0032,TMS21F2249P0032,4647,1,,1,,,,,,
21.GS.C6.SN.Student2.IB-plant4648-TMS21F2249P0033,TMS21F2249P0033,4648,1,,1,,,,,,
21.GS.C6.SN.Student2.IB-plant4649-TMS21F2249P0034,TMS21F2249P0034,4649,1,,1,,,,,,
21.GS.C6.SN.Student2.IB-plant4650-TMS21F2249P0035,TMS21F2249P0035,4650,1,,1,,,,,,
21.GS.C6.SN.Student2.IB-plant4651-TMS21F2249P0036,TMS21F2249P0036,4651,1,,1,,,,,,
21.GS.C6.SN.Student2.IB-plant4652-TMS21F2249P0037,TMS21F2249P0037,4652,1,,1,,,,,,
21.GS.C6.SN.Student2.IB-plant4653-TMS21F2249P0038,TMS21F2249P0038,4653,1,,1,,,,,,
21.GS.C6.SN.Student2.IB-plant4654-TMS21F2249P0039,TMS21F2249P0039,4654,1,,1,,,,,,
21.GS.C6.SN.Student2.IB-plant4655-TMS21F2249P0040,TMS21F2249P0040,4655,1,,1,,,,,,
21.GS.C6.SN.Student2.IB-plant4656-TMS21F2249P0041,TMS21F2249P0041,4656,1,,1,,,,,,
21.GS.C6.SN.Student2.IB-plant4657-TMS21F2249P0042,TMS21F2249P0042,4657,1,,1,,,,,,
21.GS.C6.SN.Student2.IB-plant4658-TMS21F2249P0043,TMS21F2249P0043,4658,1,,1,,,,,,
21.GS.C6.SN.Student2.IB-plant4659-TMS21F2249P0044,TMS21F2249P0044,4659,1,,1,,,,,,
21.GS.C6.SN.Student2.IB-plant4660-TMS21F2249P0045,TMS21F2249P0045,4660,1,,1,,,,,,
21.GS.C6.SN.Student2.IB-plant4661-TMS21F2249P0046,TMS21F2249P0046,4661,1,,1,,,,,,
21.GS.C6.SN.Student2.IB-plant4662-TMS21F2249P0047,TMS21F2249P0047,4662,1,,1,,,,,,
21.GS.C6.SN.Student2.IB-plant4663-TMS21F2249P0048,TMS21F2249P0048,4663,1,,1,,,,,,
21.GS.C6.SN.Student2.IB-plant4664-TMS21F2249P0049,TMS21F2249P0049,4664,1,,1,,,,,,
21.GS.C6.SN.Student2.IB-plant4665-TMS21F2249P0050,TMS21F2249P0050,4665,1,,1,,,,,,
21.GS.C6.SN.Student2.IB-plant4666-TMS21F2249P0051,TMS21F2249P0051,4666,1,,1,,,,,,
21.GS.C6.SN.Student2.IB-plant4667-TMS21F2249P0052,TMS21F2249P0052,4667,1,,1,,,,,,
21.GS.C6.SN.Student2.IB-plant4668-TMS21F2249P0053,TMS21F2249P0053,4668,1,,1,,,,,,
21.GS.C6.SN.Student2.IB-plant4669-TMS21F2249P0054,TMS21F2249P0054,4669,1,,1,,,,,,
21.GS.C6.SN.Student2.IB-plant4670-TMS21F2249P0055,TMS21F2249P0055,4670,1,,1,,,,,,
21.GS.C6.SN.Student2.IB-plant4671-TMS21F2249P0056,TMS21F2249P0056,4671,1,,1,,,,,,
21.GS.C6.SN.Student2.IB-plant4672-TMS21F2249P0057,TMS21F2249P0057,4672,1,,1,,,,,,
21.GS.C6.SN.Student2.IB-plant4673-TMS21F2249P0058,TMS21F2249P0058,4673,1,,1,,,,,,
21.GS.C6.SN.Student2.IB-plant4674-TMS21F2249P0059,TMS21F2249P0059,4674,1,,1,,,,,,
21.GS.C6.SN.Student2.IB-plant4675-TMS21F2249P0060,TMS21F2249P0060,4675,1,,1,,,,,,
21.GS.C6.SN.Student2.IB-plant4676-TMS21F2249P0061,TMS21F2249P0061,4676,1,,1,,,,,,
21.GS.C6.SN.Student2.IB-plant4677-TMS21F2249P0062,TMS21F2249P0062,4677,1,,1,,,,,,
21.GS.C6.SN.Student2.IB-plant4678-TMS21F2249P0063,TMS21F2249P0063,4678,1,,1,,,,,,
21.GS.C6.SN.Student2.IB-plant4679-TMS21F2249P0064,TMS21F2249P0064,4679,1,,1,,,,,,
21.GS.C6.SN.Student2.IB-plant4680-TMS21F2249P0065,TMS21F2249P0065,4680,1,,1,,,,,,
21.GS.C6.SN.Student2.IB-plant4681-TMS21F2249P0066,TMS21F2249P0066,4681,1,,1,,,,,,
21.GS.C6.SN.Student2.IB-plant4682-TMS21F2249P0067,TMS21F2249P0067,4682,1,,1,,,,,,
21.GS.C6.SN.Student2.IB-plant4683-TMS21F2249P0068,TMS21F2249P0068,4683,1,,1,,,,,,
21.GS.C6.SN.Student2.IB-plant4684-TMS21F2249P0069,TMS21F2249P0069,4684,1,,1,,,,,,
21.GS.C6.SN.Student2.IB-plant4685-TMS21F2249P0070,TMS21F2249P0070,4685,1,,1,,,,,,
21.GS.C6.SN.Student2.IB-plant4686-TMS21F2249P0071,TMS21F2249P0071,4686,1,,1,,,,,,
21.GS.C6.SN.Student2.IB-plant4687-TMS21F2249P0072,TMS21F2249P0072,4687,1,,1,,,,,,
21.GS.C6.SN.Student2.IB-plant4688-TMS21F2249P0073,TMS21F2249P0073,4688,1,,1,,,,,,
21.GS.C6.SN.Student2.IB-plant4689-TMS21F2249P0074,TMS21F2249P0074,4689,1,,1,,,,,,
21.GS.C6.SN.Student2.IB-plant4690-TMS21F2249P0075,TMS21F2249P0075,4690,1,,1,,,,,,
21.GS.C6.SN.Student2.IB-plant4691-TMS21F2249P0076,TMS21F2249P0076,4691,1,,1,,,,,,
21.GS.C6.SN.Student2.IB-plant4692-TMS21F2249P0077,TMS21F2249P0077,4692,1,,1,,,,,,
21.GS.C6.SN.Student2.IB-plant4693-TMS21F2249P0078,TMS21F2249P0078,4693,1,,1,,,,,,
21.GS.C6.SN.Student2.IB-plant4694-TMS21F2249P0079,TMS21F2249P0079,4694,1,,1,,,,,,
21.GS.C6.SN.Student2.IB-plant4695-TMS21F2249P0080,TMS21F2249P0080,4695,1,,1,,,,,,
21.GS.C6.SN.Student2.IB-plant4696-TMS21F2249P0081,TMS21F2249P0081,4696,1,,1,,,,,,
21.GS.C6.SN.Student2.IB-plant4697-TMS21F2249P0082,TMS21F2249P0082,4697,1,,1,,,,,,
21.GS.C6.SN.Student2.IB-plant4698-TMS21F2249P0083,TMS21F2249P0083,4698,1,,1,,,,,,
21.GS.C6.SN.Student2.IB-plant4699-TMS21F2249P0084,TMS21F2249P0084,4699,1,,1,,,,,,
21.GS.C6.SN.Student2.IB-plant4700-TMS21F2249P0085,TMS21F2249P0085,4700,1,,1,,,,,,
21.GS.C6.SN.Student2.IB-plant4701-TMS21F2249P0086,TMS21F2249P0086,4701,1,,1,,,,,,
21.GS.C6.SN.Student2.IB-plant4702-TMS21F2249P0087,TMS21F2249P0087,4702,1,,1,,,,,,
21.GS.C6.SN.Student2.IB-plant4703-TMS21F2249P0088,TMS21F2249P0088,4703,1,,1,,,,,,
21.GS.C6.SN.Student2.IB-plant4704-TMS21F2249P0089,TMS21F2249P0089,4704,1,,1,,,,,,
21.GS.C6.SN.Student2.IB-plant4705-TMS21F2249P0090,TMS21F2249P0090,4705,1,,1,,,,,,
21.GS.C6.SN.Student2.IB-plant4706-TMS21F2249P0091,TMS21F2249P0091,4706,1,,1,,,,,,
21.GS.C6.SN.Student2.IB-plant4707-TMS21F2249P0092,TMS21F2249P0092,4707,1,,1,,,,,,
21.GS.C6.SN.Student2.IB-plant4708-TMS21F2249P0093,TMS21F2249P0093,4708,1,,1,,,,,,
21.GS.C6.SN.Student2.IB-plant4709-TMS21F2249P0094,TMS21F2249P0094,4709,1,,1,,,,,,
21.GS.C6.SN.Student2.IB-plant4710-TMS21F2249P0095,TMS21F2249P0095,4710,1,,1,,,,,,
21.GS.C6.SN.Student2.IB-plant4711-TMS21F2249P0096,TMS21F2249P0096,4711,1,,1,,,,,,
21.GS.C6.SN.Student2.IB-plant4712-TMS21F2249P0097,TMS21F2249P0097,4712,1,,1,,,,,,
21.GS.C6.SN.Student2.IB-plant4713-TMS21F2249P0098,TMS21F2249P0098,4713,1,,1,,,,,,
21.GS.C6.SN.Student2.IB-plant4714-TMS21F2249P0099,TMS21F2249P0099,4714,1,,1,,,,,,
21.GS.C6.SN.Student2.IB-plant4715-TMS21F2249P0100,TMS21F2249P0100,4715,1,,1,,,,,,
21.GS.C6.SN.Student2.IB-plant4716-TMS21F2249P0101,TMS21F2249P0101,4716,1,,1,,,,,,
21.GS.C6.SN.Student2.IB-plant4717-TMS21F2249P0102,TMS21F2249P0102,4717,1,,1,,,,,,
21.GS.C6.SN.Student2.IB-plant4718-TMS21F2249P0103,TMS21F2249P0103,4718,1,,1,,,,,,
21.GS.C6.SN.Student2.IB-plant4719-TMS21F2249P0104,TMS21F2249P0104,4719,1,,1,,,,,,
21.GS.C6.SN.Student2.IB-plant4720-TMS21F2249P0105,TMS21F2249P0105,4720,1,,1,,,,,,
21.GS.C6.SN.Student2.IB-plant4721-TMS21F2249P0106,TMS21F2249P0106,4721,1,,1,,,,,,
21.GS.C6.SN.Student2.IB-plant4722-TMS21F2249P0107,TMS21F2249P0107,4722,1,,1,,,,,,
21.GS.C6.SN.Student2.IB-plant4723-TMS21F2249P0108,TMS21F2249P0108,4723,1,,1,,,,,,
21.GS.C6.SN.Student2.IB-plant4724-TMS21F2249P0109,TMS21F2249P0109,4724,1,,1,,,,,,
21.GS.C6.SN.Student2.IB-plant4725-TMS21F2249P0110,TMS21F2249P0110,4725,1,,1,,,,,,
21.GS.C6.SN.Student2.IB-plant4726-TMS21F2249P0111,TMS21F2249P0111,4726,1,,1,,,,,,
21.GS.C6.SN.Student2.IB-plant4727-TMS21F2249P0112,TMS21F2249P0112,4727,1,,1,,,,,,
21.GS.C6.SN.Student2.IB-plant4728-TMS21F2249P0113,TMS21F2249P0113,4728,1,,1,,,,,,
21.GS.C6.SN.Student2.IB-plant4729-TMS21F2250P0001,TMS21F2250P0001,4729,1,,1,,,,,,
21.GS.C6.SN.Student2.IB-plant4730-TMS21F2250P0002,TMS21F2250P0002,4730,1,,1,,,,,,
21.GS.C6.SN.Student2.IB-plant4731-TMS21F2250P0003,TMS21F2250P0003,4731,1,,1,,,,,,
21.GS.C6.SN.Student2.IB-plant4732-TMS21F2250P0004,TMS21F2250P0004,4732,1,,1,,,,,,
21.GS.C6.SN.Student2.IB-plant4733-TMS21F2250P0005,TMS21F2250P0005,4733,1,,1,,,,,,
21.GS.C6.SN.Student2.IB-plant4734-TMS21F2250P0006,TMS21F2250P0006,4734,1,,1,,,,,,
21.GS.C6.SN.Student2.IB-plant4735-TMS21F2250P0007,TMS21F2250P0007,4735,1,,1,,,,,,
21.GS.C6.SN.Student2.IB-plant4736-TMS21F2250P0008,TMS21F2250P0008,4736,1,,1,,,,,,
21.GS.C6.SN.Student2.IB-plant4737-TMS21F2250P0009,TMS21F2250P0009,4737,1,,1,,,,,,
21.GS.C6.SN.Student2.IB-plant4738-TMS21F2250P0010,TMS21F2250P0010,4738,1,,1,,,,,,
21.GS.C6.SN.Student2.IB-plant4739-TMS21F2250P0011,TMS21F2250P0011,4739,1,,1,,,,,,
21.GS.C6.SN.Student2.IB-plant4740-TMS21F2250P0012,TMS21F2250P0012,4740,1,,1,,,,,,
21.GS.C6.SN.Student2.IB-plant4741-TMS21F2250P0013,TMS21F2250P0013,4741,1,,1,,,,,,
21.GS.C6.SN.Student2.IB-plant4742-TMS21F2250P0014,TMS21F2250P0014,4742,1,,1,,,,,,
21.GS.C6.SN.Student2.IB-plant4743-TMS21F2250P0015,TMS21F2250P0015,4743,1,,1,,,,,,
21.GS.C6.SN.Student2.IB-plant4744-TMS21F2250P0016,TMS21F2250P0016,4744,1,,1,,,,,,
21.GS.C6.SN.Student2.IB-plant4745-TMS21F2250P0017,TMS21F2250P0017,4745,1,,1,,,,,,
21.GS.C6.SN.Student2.IB-plant4746-TMS21F2250P0018,TMS21F2250P0018,4746,1,,1,,,,,,
21.GS.C6.SN.Student2.IB-plant4747-TMS21F2250P0019,TMS21F2250P0019,4747,1,,1,,,,,,
21.GS.C6.SN.Student2.IB-plant4748-TMS21F2250P0020,TMS21F2250P0020,4748,1,,1,,,,,,
21.GS.C6.SN.Student2.IB-plant4749-TMS21F2250P0021,TMS21F2250P0021,4749,1,,1,,,,,,
21.GS.C6.SN.Student2.IB-plant4750-TMS21F2250P0022,TMS21F2250P0022,4750,1,,1,,,,,,
21.GS.C6.SN.Student2.IB-plant4751-TMS21F2250P0023,TMS21F2250P0023,4751,1,,1,,,,,,
21.GS.C6.SN.Student2.IB-plant4752-TMS21F2250P0024,TMS21F2250P0024,4752,1,,1,,,,,,
21.GS.C6.SN.Student2.IB-plant4753-TMS21F2250P0025,TMS21F2250P0025,4753,1,,1,,,,,,
21.GS.C6.SN.Student2.IB-plant4754-TMS21F2250P0026,TMS21F2250P0026,4754,1,,1,,,,,,
21.GS.C6.SN.Student2.IB-plant4755-TMS21F2250P0027,TMS21F2250P0027,4755,1,,1,,,,,,
21.GS.C6.SN.Student2.IB-plant4756-TMS21F2250P0028,TMS21F2250P0028,4756,1,,1,,,,,,
21.GS.C6.SN.Student2.IB-plant4757-TMS21F2250P0029,TMS21F2250P0029,4757,1,,1,,,,,,
21.GS.C6.SN.Student2.IB-plant4758-TMS21F2250P0030,TMS21F2250P0030,4758,1,,1,,,,,,
21.GS.C6.SN.Student2.IB-plant4759-TMS21F2250P0031,TMS21F2250P0031,4759,1,,1,,,,,,
21.GS.C6.SN.Student2.IB-plant4760-TMS21F2250P0032,TMS21F2250P0032,4760,1,,1,,,,,,
21.GS.C6.SN.Student2.IB-plant4761-TMS21F2250P0033,TMS21F2250P0033,4761,1,,1,,,,,,
21.GS.C6.SN.Student2.IB-plant4762-TMS21F2250P0034,TMS21F2250P0034,4762,1,,1,,,,,,
21.GS.C6.SN.Student2.IB-plant4763-TMS21F2250P0035,TMS21F2250P0035,4763,1,,1,,,,,,
21.GS.C6.SN.Student2.IB-plant4764-TMS21F2250P0036,TMS21F2250P0036,4764,1,,1,,,,,,
21.GS.C6.SN.Student2.IB-plant4765-TMS21F2250P0037,TMS21F2250P0037,4765,1,,1,,,,,,
21.GS.C6.SN.Student2.IB-plant4766-TMS21F2250P0038,TMS21F2250P0038,4766,1,,1,,,,,,
21.GS.C6.SN.Student2.IB-plant4767-TMS21F2250P0039,TMS21F2250P0039,4767,1,,1,,,,,,
21.GS.C6.SN.Student2.IB-plant4768-TMS21F2250P0040,TMS21F2250P0040,4768,1,,1,,,,,,
21.GS.C6.SN.Student2.IB-plant4769-TMS21F2250P0041,TMS21F2250P0041,4769,1,,1,,,,,,
21.GS.C6.SN.Student2.IB-plant4770-TMS21F2250P0042,TMS21F2250P0042,4770,1,,1,,,,,,
21.GS.C6.SN.Student2.IB-plant4771-TMS21F2250P0043,TMS21F2250P0043,4771,1,,1,,,,,,
21.GS.C6.SN.Student2.IB-plant4772-TMS21F2250P0044,TMS21F2250P0044,4772,1,,1,,,,,,
21.GS.C6.SN.Student2.IB-plant4773-TMS21F2250P0045,TMS21F2250P0045,4773,1,,1,,,,,,
21.GS.C6.SN.Student2.IB-plant4774-TMS21F2250P0046,TMS21F2250P0046,4774,1,,1,,,,,,
21.GS.C6.SN.Student2.IB-plant4775-TMS21F2250P0047,TMS21F2250P0047,4775,1,,1,,,,,,
21.GS.C6.SN.Student2.IB-plant4776-TMS21F2250P0048,TMS21F2250P0048,4776,1,,1,,,,,,
21.GS.C6.SN.Student2.IB-plant4777-TMS21F2250P0049,TMS21F2250P0049,4777,1,,1,,,,,,
21.GS.C6.SN.Student2.IB-plant4778-TMS21F2250P0050,TMS21F2250P0050,4778,1,,1,,,,,,
21.GS.C6.SN.Student2.IB-plant4779-TMS21F2250P0051,TMS21F2250P0051,4779,1,,1,,,,,,
21.GS.C6.SN.Student2.IB-plant4780-TMS21F2250P0052,TMS21F2250P0052,4780,1,,1,,,,,,
21.GS.C6.SN.Student2.IB-plant4781-TMS21F2250P0053,TMS21F2250P0053,4781,1,,1,,,,,,
21.GS.C6.SN.Student2.IB-plant4782-TMS21F2250P0054,TMS21F2250P0054,4782,1,,1,,,,,,
21.GS.C6.SN.Student2.IB-plant4783-TMS21F2250P0055,TMS21F2250P0055,4783,1,,1,,,,,,
21.GS.C6.SN.Student2.IB-plant4784-TMS21F2250P0056,TMS21F2250P0056,4784,1,,1,,,,,,
21.GS.C6.SN.Student2.IB-plant4785-TMS21F2250P0057,TMS21F2250P0057,4785,1,,1,,,,,,
21.GS.C6.SN.Student2.IB-plant4786-TMS21F2250P0058,TMS21F2250P0058,4786,1,,1,,,,,,
21.GS.C6.SN.Student2.IB-plant4787-TMS21F2250P0059,TMS21F2250P0059,4787,1,,1,,,,,,
21.GS.C6.SN.Student2.IB-plant4788-TMS21F2250P0060,TMS21F2250P0060,4788,1,,1,,,,,,
21.GS.C6.SN.Student2.IB-plant4789-TMS21F2250P0061,TMS21F2250P0061,4789,1,,1,,,,,,
21.GS.C6.SN.Student2.IB-plant4790-TMS21F2250P0062,TMS21F2250P0062,4790,1,,1,,,,,,
21.GS.C6.SN.Student2.IB-plant4791-TMS21F2250P0063,TMS21F2250P0063,4791,1,,1,,,,,,
21.GS.C6.SN.Student2.IB-plant4792-TMS21F2250P0064,TMS21F2250P0064,4792,1,,1,,,,,,
21.GS.C6.SN.Student2.IB-plant4793-TMS21F2250P0065,TMS21F2250P0065,4793,1,,1,,,,,,
21.GS.C6.SN.Student2.IB-plant4794-TMS21F2250P0066,TMS21F2250P0066,4794,1,,1,,,,,,
21.GS.C6.SN.Student2.IB-plant4795-TMS21F2250P0067,TMS21F2250P0067,4795,1,,1,,,,,,
21.GS.C6.SN.Student2.IB-plant4796-TMS21F2250P0068,TMS21F2250P0068,4796,1,,1,,,,,,
21.GS.C6.SN.Student2.IB-plant4797-TMS21F2250P0069,TMS21F2250P0069,4797,1,,1,,,,,,
21.GS.C6.SN.Student2.IB-plant4798-TMS21F2250P0070,TMS21F2250P0070,4798,1,,1,,,,,,
21.GS.C6.SN.Student2.IB-plant4799-TMS21F2250P0071,TMS21F2250P0071,4799,1,,1,,,,,,
21.GS.C6.SN.Student2.IB-plant4800-TMS21F2250P0072,TMS21F2250P0072,4800,1,,1,,,,,,
21.GS.C6.SN.Student2.IB-plant4801-TMS21F2250P0073,TMS21F2250P0073,4801,1,,1,,,,,,
21.GS.C6.SN.Student2.IB-plant4802-TMS21F2250P0074,TMS21F2250P0074,4802,1,,1,,,,,,
21.GS.C6.SN.Student2.IB-plant4803-TMS21F2250P0075,TMS21F2250P0075,4803,1,,1,,,,,,
21.GS.C6.SN.Student2.IB-plant4804-TMS21F2250P0076,TMS21F2250P0076,4804,1,,1,,,,,,
21.GS.C6.SN.Student2.IB-plant4805-TMS21F2250P0077,TMS21F2250P0077,4805,1,,1,,,,,,
21.GS.C6.SN.Student2.IB-plant4806-TMS21F2250P0078,TMS21F2250P0078,4806,1,,1,,,,,,
21.GS.C6.SN.Student2.IB-plant4807-TMS21F2250P0079,TMS21F2250P0079,4807,1,,1,,,,,,
21.GS.C6.SN.Student2.IB-plant4808-TMS21F2250P0080,TMS21F2250P0080,4808,1,,1,,,,,,
21.GS.C6.SN.Student2.IB-plant4809-TMS21F2250P0081,TMS21F2250P0081,4809,1,,1,,,,,,
21.GS.C6.SN.Student2.IB-plant4810-TMS21F2250P0082,TMS21F2250P0082,4810,1,,1,,,,,,
21.GS.C6.SN.Student2.IB-plant4811-TMS21F2250P0083,TMS21F2250P0083,4811,1,,1,,,,,,
21.GS.C6.SN.Student2.IB-plant4812-TMS21F2250P0084,TMS21F2250P0084,4812,1,,1,,,,,,
21.GS.C6.SN.Student2.IB-plant4813-TMS21F2250P0085,TMS21F2250P0085,4813,1,,1,,,,,,
21.GS.C6.SN.Student2.IB-plant4814-TMS21F2250P0086,TMS21F2250P0086,4814,1,,1,,,,,,
21.GS.C6.SN.Student2.IB-plant4815-TMS21F2250P0087,TMS21F2250P0087,4815,1,,1,,,,,,
21.GS.C6.SN.Student2.IB-plant4816-TMS21F2250P0088,TMS21F2250P0088,4816,1,,1,,,,,,
21.GS.C6.SN.Student2.IB-plant4817-TMS21F2250P0089,TMS21F2250P0089,4817,1,,1,,,,,,
21.GS.C6.SN.Student2.IB-plant4818-TMS21F2250P0090,TMS21F2250P0090,4818,1,,1,,,,,,
21.GS.C6.SN.Student2.IB-plant4819-TMS21F2250P0091,TMS21F2250P0091,4819,1,,1,,,,,,
21.GS.C6.SN.Student2.IB-plant4820-TMS21F2250P0092,TMS21F2250P0092,4820,1,,1,,,,,,
21.GS.C6.SN.Student2.IB-plant4821-TMS21F2250P0093,TMS21F2250P0093,4821,1,,1,,,,,,
21.GS.C6.SN.Student2.IB-plant4822-TMS21F2250P0094,TMS21F2250P0094,4822,1,,1,,,,,,
21.GS.C6.SN.Student2.IB-plant4823-TMS21F2250P0095,TMS21F2250P0095,4823,1,,1,,,,,,
21.GS.C6.SN.Student2.IB-plant4824-TMS21F2250P0096,TMS21F2250P0096,4824,1,,1,,,,,,
21.GS.C6.SN.Student2.IB-plant4825-TMS21F2250P0097,TMS21F2250P0097,4825,1,,1,,,,,,
21.GS.C6.SN.Student2.IB-plant4826-TMS21F2250P0098,TMS21F2250P0098,4826,1,,1,,,,,,
21.GS.C6.SN.Student2.IB-plant4827-TMS21F2250P0099,TMS21F2250P0099,4827,1,,1,,,,,,
21.GS.C6.SN.Student2.IB-plant4828-TMS21F2250P0100,TMS21F2250P0100,4828,1,,1,,,,,,
21.GS.C6.SN.Student2.IB-plant4829-TMS21F2250P0101,TMS21F2250P0101,4829,1,,1,,,,,,
21.GS.C6.SN.Student2.IB-plant4830-TMS21F2250P0102,TMS21F2250P0102,4830,1,,1,,,,,,
21.GS.C6.SN.Student2.IB-plant4831-TMS21F2250P0103,TMS21F2250P0103,4831,1,,1,,,,,,
21.GS.C6.SN.Student2.IB-plant4832-TMS21F2250P0104,TMS21F2250P0104,4832,1,,1,,,,,,
21.GS.C6.SN.Student2.IB-plant4833-TMS21F2250P0105,TMS21F2250P0105,4833,1,,1,,,,,,
21.GS.C6.SN.Student2.IB-plant4834-TMS21F2250P0106,TMS21F2250P0106,4834,1,,1,,,,,,
21.GS.C6.SN.Student2.IB-plant4835-TMS21F2250P0107,TMS21F2250P0107,4835,1,,1,,,,,,
21.GS.C6.SN.Student2.IB-plant4836-TMS21F2250P0108,TMS21F2250P0108,4836,1,,1,,,,,,
21.GS.C6.SN.Student2.IB-plant4837-TMS21F2250P0109,TMS21F2250P0109,4837,1,,1,,,,,,
21.GS.C6.SN.Student2.IB-plant4838-TMS21F2250P0110,TMS21F2250P0110,4838,1,,1,,,,,,
21.GS.C6.SN.Student2.IB-plant4839-TMS21F2250P0111,TMS21F2250P0111,4839,1,,1,,,,,,
21.GS.C6.SN.Student2.IB-plant4840-TMS21F2250P0112,TMS21F2250P0112,4840,1,,1,,,,,,
21.GS.C6.SN.Student2.IB-plant4841-TMS21F2250P0113,TMS21F2250P0113,4841,1,,1,,,,,,
21.GS.C6.SN.Student2.IB-plant4842-TMS21F2250P0114,TMS21F2250P0114,4842,1,,1,,,,,,
21.GS.C6.SN.Student2.IB-plant4843-TMS21F2251P0001,TMS21F2251P0001,4843,1,,1,,,,,,
21.GS.C6.SN.Student2.IB-plant4844-TMS21F2251P0002,TMS21F2251P0002,4844,1,,1,,,,,,
21.GS.C6.SN.Student2.IB-plant4845-TMS21F2251P0003,TMS21F2251P0003,4845,1,,1,,,,,,
21.GS.C6.SN.Student2.IB-plant4846-TMS21F2251P0004,TMS21F2251P0004,4846,1,,1,,,,,,
21.GS.C6.SN.Student2.IB-plant4847-TMS21F2251P0005,TMS21F2251P0005,4847,1,,1,,,,,,
21.GS.C6.SN.Student2.IB-plant4848-TMS21F2251P0006,TMS21F2251P0006,4848,1,,1,,,,,,
21.GS.C6.SN.Student2.IB-plant4849-TMS21F2251P0007,TMS21F2251P0007,4849,1,,1,,,,,,
21.GS.C6.SN.Student2.IB-plant4850-TMS21F2251P0008,TMS21F2251P0008,4850,1,,1,,,,,,
21.GS.C6.SN.Student2.IB-plant4851-TMS21F2251P0009,TMS21F2251P0009,4851,1,,1,,,,,,
21.GS.C6.SN.Student2.IB-plant4852-TMS21F2251P0010,TMS21F2251P0010,4852,1,,1,,,,,,
21.GS.C6.SN.Student2.IB-plant4853-TMS21F2251P0011,TMS21F2251P0011,4853,1,,1,,,,,,
21.GS.C6.SN.Student2.IB-plant4854-TMS21F2251P0012,TMS21F2251P0012,4854,1,,1,,,,,,
21.GS.C6.SN.Student2.IB-plant4855-TMS21F2251P0013,TMS21F2251P0013,4855,1,,1,,,,,,
21.GS.C6.SN.Student2.IB-plant4856-TMS21F2251P0014,TMS21F2251P0014,4856,1,,1,,,,,,
21.GS.C6.SN.Student2.IB-plant4857-TMS21F2251P0015,TMS21F2251P0015,4857,1,,1,,,,,,
21.GS.C6.SN.Student2.IB-plant4858-TMS21F2251P0016,TMS21F2251P0016,4858,1,,1,,,,,,
21.GS.C6.SN.Student2.IB-plant4859-TMS21F2251P0017,TMS21F2251P0017,4859,1,,1,,,,,,
21.GS.C6.SN.Student2.IB-plant4860-TMS21F2251P0018,TMS21F2251P0018,4860,1,,1,,,,,,
21.GS.C6.SN.Student2.IB-plant4861-TMS21F2251P0019,TMS21F2251P0019,4861,1,,1,,,,,,
21.GS.C6.SN.Student2.IB-plant4862-TMS21F2251P0020,TMS21F2251P0020,4862,1,,1,,,,,,
21.GS.C6.SN.Student2.IB-plant4863-TMS21F2251P0021,TMS21F2251P0021,4863,1,,1,,,,,,
21.GS.C6.SN.Student2.IB-plant4864-TMS21F2251P0022,TMS21F2251P0022,4864,1,,1,,,,,,
21.GS.C6.SN.Student2.IB-plant4865-TMS21F2251P0023,TMS21F2251P0023,4865,1,,1,,,,,,
21.GS.C6.SN.Student2.IB-plant4866-TMS21F2251P0024,TMS21F2251P0024,4866,1,,1,,,,,,
21.GS.C6.SN.Student2.IB-plant4867-TMS21F2251P0025,TMS21F2251P0025,4867,1,,1,,,,,,
21.GS.C6.SN.Student2.IB-plant4868-TMS21F2251P0026,TMS21F2251P0026,4868,1,,1,,,,,,
21.GS.C6.SN.Student2.IB-plant4869-TMS21F2251P0027,TMS21F2251P0027,4869,1,,1,,,,,,
21.GS.C6.SN.Student2.IB-plant4870-TMS21F2251P0028,TMS21F2251P0028,4870,1,,1,,,,,,
21.GS.C6.SN.Student2.IB-plant4871-TMS21F2251P0029,TMS21F2251P0029,4871,1,,1,,,,,,
21.GS.C6.SN.Student2.IB-plant4872-TMS21F2251P0030,TMS21F2251P0030,4872,1,,1,,,,,,
21.GS.C6.SN.Student2.IB-plant4873-TMS21F2251P0031,TMS21F2251P0031,4873,1,,1,,,,,,
21.GS.C6.SN.Student2.IB-plant4874-TMS21F2251P0032,TMS21F2251P0032,4874,1,,1,,,,,,
21.GS.C6.SN.Student2.IB-plant4875-TMS21F2251P0033,TMS21F2251P0033,4875,1,,1,,,,,,
21.GS.C6.SN.Student2.IB-plant4876-TMS21F2251P0034,TMS21F2251P0034,4876,1,,1,,,,,,
21.GS.C6.SN.Student2.IB-plant4877-TMS21F2251P0035,TMS21F2251P0035,4877,1,,1,,,,,,
21.GS.C6.SN.Student2.IB-plant4878-TMS21F2251P0036,TMS21F2251P0036,4878,1,,1,,,,,,
21.GS.C6.SN.Student2.IB-plant4879-TMS21F2251P0037,TMS21F2251P0037,4879,1,,1,,,,,,
21.GS.C6.SN.Student2.IB-plant4880-TMS21F2251P0038,TMS21F2251P0038,4880,1,,1,,,,,,
21.GS.C6.SN.Student2.IB-plant4881-TMS21F2251P0039,TMS21F2251P0039,4881,1,,1,,,,,,
21.GS.C6.SN.Student2.IB-plant4882-TMS21F2251P0040,TMS21F2251P0040,4882,1,,1,,,,,,
21.GS.C6.SN.Student2.IB-plant4883-TMS21F2251P0041,TMS21F2251P0041,4883,1,,1,,,,,,
21.GS.C6.SN.Student2.IB-plant4884-TMS21F2251P0042,TMS21F2251P0042,4884,1,,1,,,,,,
21.GS.C6.SN.Student2.IB-plant4885-TMS21F2251P0043,TMS21F2251P0043,4885,1,,1,,,,,,
21.GS.C6.SN.Student2.IB-plant4886-TMS21F2251P0044,TMS21F2251P0044,4886,1,,1,,,,,,
21.GS.C6.SN.Student2.IB-plant4887-TMS21F2251P0045,TMS21F2251P0045,4887,1,,1,,,,,,
21.GS.C6.SN.Student2.IB-plant4888-TMS21F2251P0046,TMS21F2251P0046,4888,1,,1,,,,,,
21.GS.C6.SN.Student2.IB-plant4889-TMS21F2251P0047,TMS21F2251P0047,4889,1,,1,,,,,,
21.GS.C6.SN.Student2.IB-plant4890-TMS21F2251P0048,TMS21F2251P0048,4890,1,,1,,,,,,
21.GS.C6.SN.Student2.IB-plant4891-TMS21F2251P0049,TMS21F2251P0049,4891,1,,1,,,,,,
21.GS.C6.SN.Student2.IB-plant4892-TMS21F2251P0050,TMS21F2251P0050,4892,1,,1,,,,,,
21.GS.C6.SN.Student2.IB-plant4893-TMS21F2251P0051,TMS21F2251P0051,4893,1,,1,,,,,,
21.GS.C6.SN.Student2.IB-plant4894-TMS21F2251P0052,TMS21F2251P0052,4894,1,,1,,,,,,
21.GS.C6.SN.Student2.IB-plant4895-TMS21F2251P0053,TMS21F2251P0053,4895,1,,1,,,,,,
21.GS.C6.SN.Student2.IB-plant4896-TMS21F2251P0054,TMS21F2251P0054,4896,1,,1,,,,,,
21.GS.C6.SN.Student2.IB-plant4897-TMS21F2251P0055,TMS21F2251P0055,4897,1,,1,,,,,,
21.GS.C6.SN.Student2.IB-plant4898-TMS21F2251P0056,TMS21F2251P0056,4898,1,,1,,,,,,
21.GS.C6.SN.Student2.IB-plant4899-TMS21F2251P0057,TMS21F2251P0057,4899,1,,1,,,,,,
21.GS.C6.SN.Student2.IB-plant4900-TMS21F2251P0058,TMS21F2251P0058,4900,1,,1,,,,,,
21.GS.C6.SN.Student2.IB-plant4901-TMS21F2251P0059,TMS21F2251P0059,4901,1,,1,,,,,,
21.GS.C6.SN.Student2.IB-plant4902-TMS21F2251P0060,TMS21F2251P0060,4902,1,,1,,,,,,
21.GS.C6.SN.Student2.IB-plant4903-TMS21F2251P0061,TMS21F2251P0061,4903,1,,1,,,,,,
21.GS.C6.SN.Student2.IB-plant4904-TMS21F2251P0062,TMS21F2251P0062,4904,1,,1,,,,,,
21.GS.C6.SN.Student2.IB-plant4905-TMS21F2251P0063,TMS21F2251P0063,4905,1,,1,,,,,,
21.GS.C6.SN.Student2.IB-plant4906-TMS21F2251P0064,TMS21F2251P0064,4906,1,,1,,,,,,
21.GS.C6.SN.Student2.IB-plant4907-TMS21F2251P0065,TMS21F2251P0065,4907,1,,1,,,,,,
21.GS.C6.SN.Student2.IB-plant4908-TMS21F2251P0066,TMS21F2251P0066,4908,1,,1,,,,,,
21.GS.C6.SN.Student2.IB-plant4909-TMS21F2251P0067,TMS21F2251P0067,4909,1,,1,,,,,,
21.GS.C6.SN.Student2.IB-plant4910-TMS21F2251P0068,TMS21F2251P0068,4910,1,,1,,,,,,
21.GS.C6.SN.Student2.IB-plant4911-TMS21F2251P0069,TMS21F2251P0069,4911,1,,1,,,,,,
21.GS.C6.SN.Student2.IB-plant4912-TMS21F2251P0070,TMS21F2251P0070,4912,1,,1,,,,,,
21.GS.C6.SN.Student2.IB-plant4913-TMS21F2251P0071,TMS21F2251P0071,4913,1,,1,,,,,,
21.GS.C6.SN.Student2.IB-plant4914-TMS21F2251P0072,TMS21F2251P0072,4914,1,,1,,,,,,
21.GS.C6.SN.Student2.IB-plant4915-TMS21F2251P0073,TMS21F2251P0073,4915,1,,1,,,,,,
21.GS.C6.SN.Student2.IB-plant4916-TMS21F2251P0074,TMS21F2251P0074,4916,1,,1,,,,,,
21.GS.C6.SN.Student2.IB-plant4917-TMS21F2251P0075,TMS21F2251P0075,4917,1,,1,,,,,,
21.GS.C6.SN.Student2.IB-plant4918-TMS21F2251P0076,TMS21F2251P0076,4918,1,,1,,,,,,
21.GS.C6.SN.Student2.IB-plant4919-TMS21F2251P0077,TMS21F2251P0077,4919,1,,1,,,,,,
21.GS.C6.SN.Student2.IB-plant4920-TMS21F2251P0078,TMS21F2251P0078,4920,1,,1,,,,,,
21.GS.C6.SN.Student2.IB-plant4921-TMS21F2251P0079,TMS21F2251P0079,4921,1,,1,,,,,,
21.GS.C6.SN.Student2.IB-plant4922-TMS21F2251P0080,TMS21F2251P0080,4922,1,,1,,,,,,
21.GS.C6.SN.Student2.IB-plant4923-TMS21F2251P0081,TMS21F2251P0081,4923,1,,1,,,,,,
21.GS.C6.SN.Student2.IB-plant4924-TMS21F2251P0082,TMS21F2251P0082,4924,1,,1,,,,,,
21.GS.C6.SN.Student2.IB-plant4925-TMS21F2251P0083,TMS21F2251P0083,4925,1,,1,,,,,,
21.GS.C6.SN.Student2.IB-plant4926-TMS21F2251P0084,TMS21F2251P0084,4926,1,,1,,,,,,
21.GS.C6.SN.Student2.IB-plant4927-TMS21F2251P0085,TMS21F2251P0085,4927,1,,1,,,,,,
21.GS.C6.SN.Student2.IB-plant4928-TMS21F2251P0086,TMS21F2251P0086,4928,1,,1,,,,,,
21.GS.C6.SN.Student2.IB-plant4929-TMS21F2251P0087,TMS21F2251P0087,4929,1,,1,,,,,,
21.GS.C6.SN.Student2.IB-plant4930-TMS21F2251P0088,TMS21F2251P0088,4930,1,,1,,,,,,
21.GS.C6.SN.Student2.IB-plant4931-TMS21F2251P0089,TMS21F2251P0089,4931,1,,1,,,,,,
21.GS.C6.SN.Student2.IB-plant4932-TMS21F2251P0090,TMS21F2251P0090,4932,1,,1,,,,,,
21.GS.C6.SN.Student2.IB-plant4933-TMS21F2251P0091,TMS21F2251P0091,4933,1,,1,,,,,,
21.GS.C6.SN.Student2.IB-plant4934-TMS21F2251P0092,TMS21F2251P0092,4934,1,,1,,,,,,
21.GS.C6.SN.Student2.IB-plant4935-TMS21F2251P0093,TMS21F2251P0093,4935,1,,1,,,,,,
21.GS.C6.SN.Student2.IB-plant4936-TMS21F2251P0094,TMS21F2251P0094,4936,1,,1,,,,,,
21.GS.C6.SN.Student2.IB-plant4937-TMS21F2251P0095,TMS21F2251P0095,4937,1,,1,,,,,,
21.GS.C6.SN.Student2.IB-plant4938-TMS21F2251P0096,TMS21F2251P0096,4938,1,,1,,,,,,
21.GS.C6.SN.Student2.IB-plant4939-TMS21F2251P0097,TMS21F2251P0097,4939,1,,1,,,,,,
21.GS.C6.SN.Student2.IB-plant4940-TMS21F2251P0098,TMS21F2251P0098,4940,1,,1,,,,,,
21.GS.C6.SN.Student2.IB-plant4941-TMS21F2251P0099,TMS21F2251P0099,4941,1,,1,,,,,,
21.GS.C6.SN.Student2.IB-plant4942-TMS21F2251P0100,TMS21F2251P0100,4942,1,,1,,,,,,
21.GS.C6.SN.Student2.IB-plant4943-TMS21F2251P0101,TMS21F2251P0101,4943,1,,1,,,,,,
21.GS.C6.SN.Student2.IB-plant4944-TMS21F2251P0102,TMS21F2251P0102,4944,1,,1,,,,,,
21.GS.C6.SN.Student2.IB-plant4945-TMS21F2251P0103,TMS21F2251P0103,4945,1,,1,,,,,,
21.GS.C6.SN.Student2.IB-plant4946-TMS21F2251P0104,TMS21F2251P0104,4946,1,,1,,,,,,
21.GS.C6.SN.Student2.IB-plant4947-TMS21F2251P0105,TMS21F2251P0105,4947,1,,1,,,,,,
21.GS.C6.SN.Student2.IB-plant4948-TMS21F2251P0106,TMS21F2251P0106,4948,1,,1,,,,,,
21.GS.C6.SN.Student2.IB-plant4949-TMS21F2251P0107,TMS21F2251P0107,4949,1,,1,,,,,,
21.GS.C6.SN.Student2.IB-plant4950-TMS21F2251P0108,TMS21F2251P0108,4950,1,,1,,,,,,
21.GS.C6.SN.Student2.IB-plant4951-TMS21F2251P0109,TMS21F2251P0109,4951,1,,1,,,,,,
21.GS.C6.SN.Student2.IB-plant4952-TMS21F2251P0110,TMS21F2251P0110,4952,1,,1,,,,,,
21.GS.C6.SN.Student2.IB-plant4953-TMS21F2251P0111,TMS21F2251P0111,4953,1,,1,,,,,,
21.GS.C6.SN.Student2.IB-plant4954-TMS21F2251P0112,TMS21F2251P0112,4954,1,,1,,,,,,
21.GS.C6.SN.Student2.IB-plant4955-TMS21F2252P0001,TMS21F2252P0001,4955,1,,1,,,,,,
21.GS.C6.SN.Student2.IB-plant4956-TMS21F2252P0002,TMS21F2252P0002,4956,1,,1,,,,,,
21.GS.C6.SN.Student2.IB-plant4957-TMS21F2252P0003,TMS21F2252P0003,4957,1,,1,,,,,,
21.GS.C6.SN.Student2.IB-plant4958-TMS21F2252P0004,TMS21F2252P0004,4958,1,,1,,,,,,
21.GS.C6.SN.Student2.IB-plant4959-TMS21F2252P0005,TMS21F2252P0005,4959,1,,1,,,,,,
21.GS.C6.SN.Student2.IB-plant4960-TMS21F2252P0006,TMS21F2252P0006,4960,1,,1,,,,,,
21.GS.C6.SN.Student2.IB-plant4961-TMS21F2252P0007,TMS21F2252P0007,4961,1,,1,,,,,,
21.GS.C6.SN.Student2.IB-plant4962-TMS21F2252P0008,TMS21F2252P0008,4962,1,,1,,,,,,
21.GS.C6.SN.Student2.IB-plant4963-TMS21F2252P0009,TMS21F2252P0009,4963,1,,1,,,,,,
21.GS.C6.SN.Student2.IB-plant4964-TMS21F2252P0010,TMS21F2252P0010,4964,1,,1,,,,,,
21.GS.C6.SN.Student2.IB-plant4965-TMS21F2252P0011,TMS21F2252P0011,4965,1,,1,,,,,,
21.GS.C6.SN.Student2.IB-plant4966-TMS21F2252P0012,TMS21F2252P0012,4966,1,,1,,,,,,
21.GS.C6.SN.Student2.IB-plant4967-TMS21F2252P0013,TMS21F2252P0013,4967,1,,1,,,,,,
21.GS.C6.SN.Student2.IB-plant4968-TMS21F2252P0014,TMS21F2252P0014,4968,1,,1,,,,,,
21.GS.C6.SN.Student2.IB-plant4969-TMS21F2252P0015,TMS21F2252P0015,4969,1,,1,,,,,,
21.GS.C6.SN.Student2.IB-plant4970-TMS21F2252P0016,TMS21F2252P0016,4970,1,,1,,,,,,
21.GS.C6.SN.Student2.IB-plant4971-TMS21F2252P0017,TMS21F2252P0017,4971,1,,1,,,,,,
21.GS.C6.SN.Student2.IB-plant4972-TMS21F2252P0018,TMS21F2252P0018,4972,1,,1,,,,,,
21.GS.C6.SN.Student2.IB-plant4973-TMS21F2252P0019,TMS21F2252P0019,4973,1,,1,,,,,,
21.GS.C6.SN.Student2.IB-plant4974-TMS21F2252P0020,TMS21F2252P0020,4974,1,,1,,,,,,
21.GS.C6.SN.Student2.IB-plant4975-TMS21F2252P0021,TMS21F2252P0021,4975,1,,1,,,,,,
21.GS.C6.SN.Student2.IB-plant4976-TMS21F2252P0022,TMS21F2252P0022,4976,1,,1,,,,,,
21.GS.C6.SN.Student2.IB-plant4977-TMS21F2252P0023,TMS21F2252P0023,4977,1,,1,,,,,,
21.GS.C6.SN.Student2.IB-plant4978-TMS21F2252P0024,TMS21F2252P0024,4978,1,,1,,,,,,
21.GS.C6.SN.Student2.IB-plant4979-TMS21F2252P0025,TMS21F2252P0025,4979,1,,1,,,,,,
21.GS.C6.SN.Student2.IB-plant4980-TMS21F2252P0026,TMS21F2252P0026,4980,1,,1,,,,,,
21.GS.C6.SN.Student2.IB-plant4981-TMS21F2252P0027,TMS21F2252P0027,4981,1,,1,,,,,,
21.GS.C6.SN.Student2.IB-plant4982-TMS21F2252P0028,TMS21F2252P0028,4982,1,,1,,,,,,
21.GS.C6.SN.Student2.IB-plant4983-TMS21F2252P0029,TMS21F2252P0029,4983,1,,1,,,,,,
21.GS.C6.SN.Student2.IB-plant4984-TMS21F2252P0030,TMS21F2252P0030,4984,1,,1,,,,,,
21.GS.C6.SN.Student2.IB-plant4985-TMS21F2252P0031,TMS21F2252P0031,4985,1,,1,,,,,,
21.GS.C6.SN.Student2.IB-plant4986-TMS21F2252P0032,TMS21F2252P0032,4986,1,,1,,,,,,
21.GS.C6.SN.Student2.IB-plant4987-TMS21F2252P0033,TMS21F2252P0033,4987,1,,1,,,,,,
21.GS.C6.SN.Student2.IB-plant4988-TMS21F2252P0034,TMS21F2252P0034,4988,1,,1,,,,,,
21.GS.C6.SN.Student2.IB-plant4989-TMS21F2252P0035,TMS21F2252P0035,4989,1,,1,,,,,,
21.GS.C6.SN.Student2.IB-plant4990-TMS21F2252P0036,TMS21F2252P0036,4990,1,,1,,,,,,
21.GS.C6.SN.Student2.IB-plant4991-TMS21F2252P0037,TMS21F2252P0037,4991,1,,1,,,,,,
21.GS.C6.SN.Student2.IB-plant4992-TMS21F2252P0038,TMS21F2252P0038,4992,1,,1,,,,,,
21.GS.C6.SN.Student2.IB-plant4993-TMS21F2252P0039,TMS21F2252P0039,4993,1,,1,,,,,,
21.GS.C6.SN.Student2.IB-plant4994-TMS21F2252P0040,TMS21F2252P0040,4994,1,,1,,,,,,
21.GS.C6.SN.Student2.IB-plant4995-TMS21F2252P0041,TMS21F2252P0041,4995,1,,1,,,,,,
21.GS.C6.SN.Student2.IB-plant4996-TMS21F2252P0042,TMS21F2252P0042,4996,1,,1,,,,,,
21.GS.C6.SN.Student2.IB-plant4997-TMS21F2252P0043,TMS21F2252P0043,4997,1,,1,,,,,,
21.GS.C6.SN.Student2.IB-plant4998-TMS21F2252P0044,TMS21F2252P0044,4998,1,,1,,,,,,
21.GS.C6.SN.Student2.IB-plant4999-TMS21F2252P0045,TMS21F2252P0045,4999,1,,1,,,,,,
21.GS.C6.SN.Student2.IB-plant5000-TMS21F2252P0046,TMS21F2252P0046,5000,1,,1,,,,,,
21.GS.C6.SN.Student2.IB-plant5001-TMS21F2252P0047,TMS21F2252P0047,5001,1,,1,,,,,,
21.GS.C6.SN.Student2.IB-plant5002-TMS21F2252P0048,TMS21F2252P0048,5002,1,,1,,,,,,
21.GS.C6.SN.Student2.IB-plant5003-TMS21F2252P0049,TMS21F2252P0049,5003,1,,1,,,,,,
21.GS.C6.SN.Student2.IB-plant5004-TMS21F2252P0050,TMS21F2252P0050,5004,1,,1,,,,,,
21.GS.C6.SN.Student2.IB-plant5005-TMS21F2252P0051,TMS21F2252P0051,5005,1,,1,,,,,,
21.GS.C6.SN.Student2.IB-plant5006-TMS21F2252P0052,TMS21F2252P0052,5006,1,,1,,,,,,
21.GS.C6.SN.Student2.IB-plant5007-TMS21F2252P0053,TMS21F2252P0053,5007,1,,1,,,,,,
21.GS.C6.SN.Student2.IB-plant5008-TMS21F2252P0054,TMS21F2252P0054,5008,1,,1,,,,,,
21.GS.C6.SN.Student2.IB-plant5009-TMS21F2252P0055,TMS21F2252P0055,5009,1,,1,,,,,,
21.GS.C6.SN.Student2.IB-plant5010-TMS21F2252P0056,TMS21F2252P0056,5010,1,,1,,,,,,
21.GS.C6.SN.Student2.IB-plant5011-TMS21F2252P0057,TMS21F2252P0057,5011,1,,1,,,,,,
21.GS.C6.SN.Student2.IB-plant5012-TMS21F2252P0058,TMS21F2252P0058,5012,1,,1,,,,,,
21.GS.C6.SN.Student2.IB-plant5013-TMS21F2252P0059,TMS21F2252P0059,5013,1,,1,,,,,,
21.GS.C6.SN.Student2.IB-plant5014-TMS21F2252P0060,TMS21F2252P0060,5014,1,,1,,,,,,
21.GS.C6.SN.Student2.IB-plant5015-TMS21F2252P0061,TMS21F2252P0061,5015,1,,1,,,,,,
21.GS.C6.SN.Student2.IB-plant5016-TMS21F2252P0062,TMS21F2252P0062,5016,1,,1,,,,,,
21.GS.C6.SN.Student2.IB-plant5017-TMS21F2252P0063,TMS21F2252P0063,5017,1,,1,,,,,,
21.GS.C6.SN.Student2.IB-plant5018-TMS21F2252P0064,TMS21F2252P0064,5018,1,,1,,,,,,
21.GS.C6.SN.Student2.IB-plant5019-TMS21F2252P0065,TMS21F2252P0065,5019,1,,1,,,,,,
21.GS.C6.SN.Student2.IB-plant5020-TMS21F2252P0066,TMS21F2252P0066,5020,1,,1,,,,,,
21.GS.C6.SN.Student2.IB-plant5021-TMS21F2252P0067,TMS21F2252P0067,5021,1,,1,,,,,,
21.GS.C6.SN.Student2.IB-plant5022-TMS21F2252P0068,TMS21F2252P0068,5022,1,,1,,,,,,
21.GS.C6.SN.Student2.IB-plant5023-TMS21F2252P0069,TMS21F2252P0069,5023,1,,1,,,,,,
21.GS.C6.SN.Student2.IB-plant5024-TMS21F2252P0070,TMS21F2252P0070,5024,1,,1,,,,,,
21.GS.C6.SN.Student2.IB-plant5025-TMS21F2252P0071,TMS21F2252P0071,5025,1,,1,,,,,,
21.GS.C6.SN.Student2.IB-plant5026-TMS21F2252P0072,TMS21F2252P0072,5026,1,,1,,,,,,
21.GS.C6.SN.Student2.IB-plant5027-TMS21F2252P0073,TMS21F2252P0073,5027,1,,1,,,,,,
21.GS.C6.SN.Student2.IB-plant5028-TMS21F2252P0074,TMS21F2252P0074,5028,1,,1,,,,,,
21.GS.C6.SN.Student2.IB-plant5029-TMS21F2252P0075,TMS21F2252P0075,5029,1,,1,,,,,,
21.GS.C6.SN.Student2.IB-plant5030-TMS21F2252P0076,TMS21F2252P0076,5030,1,,1,,,,,,
21.GS.C6.SN.Student2.IB-plant5031-TMS21F2252P0077,TMS21F2252P0077,5031,1,,1,,,,,,
21.GS.C6.SN.Student2.IB-plant5032-TMS21F2252P0078,TMS21F2252P0078,5032,1,,1,,,,,,
21.GS.C6.SN.Student2.IB-plant5033-TMS21F2252P0079,TMS21F2252P0079,5033,1,,1,,,,,,
21.GS.C6.SN.Student2.IB-plant5034-TMS21F2252P0080,TMS21F2252P0080,5034,1,,1,,,,,,
21.GS.C6.SN.Student2.IB-plant5035-TMS21F2252P0081,TMS21F2252P0081,5035,1,,1,,,,,,
21.GS.C6.SN.Student2.IB-plant5036-TMS21F2252P0082,TMS21F2252P0082,5036,1,,1,,,,,,
21.GS.C6.SN.Student2.IB-plant5037-TMS21F2252P0083,TMS21F2252P0083,5037,1,,1,,,,,,
21.GS.C6.SN.Student2.IB-plant5038-TMS21F2253P0001,TMS21F2253P0001,5038,1,,1,,,,,,
21.GS.C6.SN.Student2.IB-plant5039-TMS21F2253P0002,TMS21F2253P0002,5039,1,,1,,,,,,
21.GS.C6.SN.Student2.IB-plant5040-TMS21F2253P0003,TMS21F2253P0003,5040,1,,1,,,,,,
21.GS.C6.SN.Student2.IB-plant5041-TMS21F2253P0004,TMS21F2253P0004,5041,1,,1,,,,,,
21.GS.C6.SN.Student2.IB-plant5042-TMS21F2253P0005,TMS21F2253P0005,5042,1,,1,,,,,,
21.GS.C6.SN.Student2.IB-plant5043-TMS21F2253P0006,TMS21F2253P0006,5043,1,,1,,,,,,
21.GS.C6.SN.Student2.IB-plant5044-TMS21F2253P0007,TMS21F2253P0007,5044,1,,1,,,,,,
21.GS.C6.SN.Student2.IB-plant5045-TMS21F2253P0008,TMS21F2253P0008,5045,1,,1,,,,,,
21.GS.C6.SN.Student2.IB-plant5046-TMS21F2253P0009,TMS21F2253P0009,5046,1,,1,,,,,,
21.GS.C6.SN.Student2.IB-plant5047-TMS21F2253P0010,TMS21F2253P0010,5047,1,,1,,,,,,
21.GS.C6.SN.Student2.IB-plant5048-TMS21F2253P0011,TMS21F2253P0011,5048,1,,1,,,,,,
21.GS.C6.SN.Student2.IB-plant5049-TMS21F2253P0012,TMS21F2253P0012,5049,1,,1,,,,,,
21.GS.C6.SN.Student2.IB-plant5050-TMS21F2253P0013,TMS21F2253P0013,5050,1,,1,,,,,,
21.GS.C6.SN.Student2.IB-plant5051-TMS21F2253P0014,TMS21F2253P0014,5051,1,,1,,,,,,
21.GS.C6.SN.Student2.IB-plant5052-TMS21F2253P0015,TMS21F2253P0015,5052,1,,1,,,,,,
21.GS.C6.SN.Student2.IB-plant5053-TMS21F2253P0016,TMS21F2253P0016,5053,1,,1,,,,,,
21.GS.C6.SN.Student2.IB-plant5054-TMS21F2253P0017,TMS21F2253P0017,5054,1,,1,,,,,,
21.GS.C6.SN.Student2.IB-plant5055-TMS21F2253P0018,TMS21F2253P0018,5055,1,,1,,,,,,
21.GS.C6.SN.Student2.IB-plant5056-TMS21F2253P0019,TMS21F2253P0019,5056,1,,1,,,,,,
21.GS.C6.SN.Student2.IB-plant5057-TMS21F2253P0020,TMS21F2253P0020,5057,1,,1,,,,,,
21.GS.C6.SN.Student2.IB-plant5058-TMS21F2253P0021,TMS21F2253P0021,5058,1,,1,,,,,,
21.GS.C6.SN.Student2.IB-plant5059-TMS21F2253P0022,TMS21F2253P0022,5059,1,,1,,,,,,
21.GS.C6.SN.Student2.IB-plant5060-TMS21F2253P0023,TMS21F2253P0023,5060,1,,1,,,,,,
21.GS.C6.SN.Student2.IB-plant5061-TMS21F2253P0024,TMS21F2253P0024,5061,1,,1,,,,,,
21.GS.C6.SN.Student2.IB-plant5062-TMS21F2253P0025,TMS21F2253P0025,5062,1,,1,,,,,,
21.GS.C6.SN.Student2.IB-plant5063-TMS21F2253P0026,TMS21F2253P0026,5063,1,,1,,,,,,
21.GS.C6.SN.Student2.IB-plant5064-TMS21F2253P0027,TMS21F2253P0027,5064,1,,1,,,,,,
21.GS.C6.SN.Student2.IB-plant5065-TMS21F2253P0028,TMS21F2253P0028,5065,1,,1,,,,,,
21.GS.C6.SN.Student2.IB-plant5066-TMS21F2253P0029,TMS21F2253P0029,5066,1,,1,,,,,,
21.GS.C6.SN.Student2.IB-plant5067-TMS21F2253P0030,TMS21F2253P0030,5067,1,,1,,,,,,
21.GS.C6.SN.Student2.IB-plant5068-TMS21F2253P0031,TMS21F2253P0031,5068,1,,1,,,,,,
21.GS.C6.SN.Student2.IB-plant5069-TMS21F2253P0032,TMS21F2253P0032,5069,1,,1,,,,,,
21.GS.C6.SN.Student2.IB-plant5070-TMS21F2253P0033,TMS21F2253P0033,5070,1,,1,,,,,,
21.GS.C6.SN.Student2.IB-plant5071-TMS21F2253P0034,TMS21F2253P0034,5071,1,,1,,,,,,
21.GS.C6.SN.Student2.IB-plant5072-TMS21F2253P0035,TMS21F2253P0035,5072,1,,1,,,,,,
21.GS.C6.SN.Student2.IB-plant5073-TMS21F2253P0036,TMS21F2253P0036,5073,1,,1,,,,,,
21.GS.C6.SN.Student2.IB-plant5074-TMS21F2253P0037,TMS21F2253P0037,5074,1,,1,,,,,,
21.GS.C6.SN.Student2.IB-plant5075-TMS21F2253P0038,TMS21F2253P0038,5075,1,,1,,,,,,
21.GS.C6.SN.Student2.IB-plant5076-TMS21F2253P0039,TMS21F2253P0039,5076,1,,1,,,,,,
21.GS.C6.SN.Student2.IB-plant5077-TMS21F2253P0040,TMS21F2253P0040,5077,1,,1,,,,,,
21.GS.C6.SN.Student2.IB-plant5078-TMS21F2253P0041,TMS21F2253P0041,5078,1,,1,,,,,,
21.GS.C6.SN.Student2.IB-plant5079-TMS21F2253P0042,TMS21F2253P0042,5079,1,,1,,,,,,
21.GS.C6.SN.Student2.IB-plant5080-TMS21F2253P0043,TMS21F2253P0043,5080,1,,1,,,,,,
21.GS.C6.SN.Student2.IB-plant5081-TMS21F2253P0044,TMS21F2253P0044,5081,1,,1,,,,,,
21.GS.C6.SN.Student2.IB-plant5082-TMS21F2253P0045,TMS21F2253P0045,5082,1,,1,,,,,,
21.GS.C6.SN.Student2.IB-plant5083-TMS21F2253P0046,TMS21F2253P0046,5083,1,,1,,,,,,
21.GS.C6.SN.Student2.IB-plant5084-TMS21F2253P0047,TMS21F2253P0047,5084,1,,1,,,,,,
21.GS.C6.SN.Student2.IB-plant5085-TMS21F2253P0048,TMS21F2253P0048,5085,1,,1,,,,,,
21.GS.C6.SN.Student2.IB-plant5086-TMS21F2253P0049,TMS21F2253P0049,5086,1,,1,,,,,,
21.GS.C6.SN.Student2.IB-plant5087-TMS21F2253P0050,TMS21F2253P0050,5087,1,,1,,,,,,
21.GS.C6.SN.Student2.IB-plant5088-TMS21F2253P0051,TMS21F2253P0051,5088,1,,1,,,,,,
21.GS.C6.SN.Student2.IB-plant5089-TMS21F2253P0052,TMS21F2253P0052,5089,1,,1,,,,,,
21.GS.C6.SN.Student2.IB-plant5090-TMS21F2253P0053,TMS21F2253P0053,5090,1,,1,,,,,,
21.GS.C6.SN.Student2.IB-plant5091-TMS21F2253P0054,TMS21F2253P0054,5091,1,,1,,,,,,
21.GS.C6.SN.Student2.IB-plant5092-TMS21F2253P0055,TMS21F2253P0055,5092,1,,1,,,,,,
21.GS.C6.SN.Student2.IB-plant5093-TMS21F2253P0056,TMS21F2253P0056,5093,1,,1,,,,,,
21.GS.C6.SN.Student2.IB-plant5094-TMS21F2253P0057,TMS21F2253P0057,5094,1,,1,,,,,,
21.GS.C6.SN.Student2.IB-plant5095-TMS21F2253P0058,TMS21F2253P0058,5095,1,,1,,,,,,
21.GS.C6.SN.Student2.IB-plant5096-TMS21F2253P0059,TMS21F2253P0059,5096,1,,1,,,,,,
21.GS.C6.SN.Student2.IB-plant5097-TMS21F2253P0060,TMS21F2253P0060,5097,1,,1,,,,,,
21.GS.C6.SN.Student2.IB-plant5098-TMS21F2253P0061,TMS21F2253P0061,5098,1,,1,,,,,,
21.GS.C6.SN.Student2.IB-plant5099-TMS21F2253P0062,TMS21F2253P0062,5099,1,,1,,,,,,
21.GS.C6.SN.Student2.IB-plant5100-TMS21F2253P0063,TMS21F2253P0063,5100,1,,1,,,,,,
21.GS.C6.SN.Student2.IB-plant5101-TMS21F2253P0064,TMS21F2253P0064,5101,1,,1,,,,,,
21.GS.C6.SN.Student2.IB-plant5102-TMS21F2253P0065,TMS21F2253P0065,5102,1,,1,,,,,,
21.GS.C6.SN.Student2.IB-plant5103-TMS21F2253P0066,TMS21F2253P0066,5103,1,,1,,,,,,
21.GS.C6.SN.Student2.IB-plant5104-TMS21F2253P0067,TMS21F2253P0067,5104,1,,1,,,,,,
21.GS.C6.SN.Student2.IB-plant5105-TMS21F2253P0068,TMS21F2253P0068,5105,1,,1,,,,,,
21.GS.C6.SN.Student2.IB-plant5106-TMS21F2253P0069,TMS21F2253P0069,5106,1,,1,,,,,,
21.GS.C6.SN.Student2.IB-plant5107-TMS21F2253P0070,TMS21F2253P0070,5107,1,,1,,,,,,
21.GS.C6.SN.Student2.IB-plant5108-TMS21F2253P0071,TMS21F2253P0071,5108,1,,1,,,,,,
21.GS.C6.SN.Student2.IB-plant5109-TMS21F2253P0072,TMS21F2253P0072,5109,1,,1,,,,,,
21.GS.C6.SN.Student2.IB-plant5110-TMS21F2253P0073,TMS21F2253P0073,5110,1,,1,,,,,,
21.GS.C6.SN.Student2.IB-plant5111-TMS21F2253P0074,TMS21F2253P0074,5111,1,,1,,,,,,
21.GS.C6.SN.Student2.IB-plant5112-TMS21F2253P0075,TMS21F2253P0075,5112,1,,1,,,,,,
21.GS.C6.SN.Student2.IB-plant5113-TMS21F2253P0076,TMS21F2253P0076,5113,1,,1,,,,,,
21.GS.C6.SN.Student2.IB-plant5114-TMS21F2253P0077,TMS21F2253P0077,5114,1,,1,,,,,,
21.GS.C6.SN.Student2.IB-plant5115-TMS21F2253P0078,TMS21F2253P0078,5115,1,,1,,,,,,
21.GS.C6.SN.Student2.IB-plant5116-TMS21F2253P0079,TMS21F2253P0079,5116,1,,1,,,,,,
21.GS.C6.SN.Student2.IB-plant5117-TMS21F2253P0080,TMS21F2253P0080,5117,1,,1,,,,,,
21.GS.C6.SN.Student2.IB-plant5118-TMS21F2253P0081,TMS21F2253P0081,5118,1,,1,,,,,,
21.GS.C6.SN.Student2.IB-plant5119-TMS21F2253P0082,TMS21F2253P0082,5119,1,,1,,,,,,
21.GS.C6.SN.Student2.IB-plant5120-TMS21F2253P0083,TMS21F2253P0083,5120,1,,1,,,,,,
21.GS.C6.SN.Student2.IB-plant5121-TMS21F2253P0084,TMS21F2253P0084,5121,1,,1,,,,,,
21.GS.C6.SN.Student2.IB-plant5122-TMS21F2253P0085,TMS21F2253P0085,5122,1,,1,,,,,,
21.GS.C6.SN.Student2.IB-plant5123-TMS21F2253P0086,TMS21F2253P0086,5123,1,,1,,,,,,
21.GS.C6.SN.Student2.IB-plant5124-TMS21F2253P0087,TMS21F2253P0087,5124,1,,1,,,,,,
21.GS.C6.SN.Student2.IB-plant5125-TMS21F2253P0088,TMS21F2253P0088,5125,1,,1,,,,,,
21.GS.C6.SN.Student2.IB-plant5126-TMS21F2253P0089,TMS21F2253P0089,5126,1,,1,,,,,,
21.GS.C6.SN.Student2.IB-plant5127-TMS21F2253P0090,TMS21F2253P0090,5127,1,,1,,,,,,
21.GS.C6.SN.Student2.IB-plant5128-TMS21F2253P0091,TMS21F2253P0091,5128,1,,1,,,,,,
21.GS.C6.SN.Student2.IB-plant5129-TMS21F2253P0092,TMS21F2253P0092,5129,1,,1,,,,,,
21.GS.C6.SN.Student2.IB-plant5130-TMS21F2253P0093,TMS21F2253P0093,5130,1,,1,,,,,,
21.GS.C6.SN.Student2.IB-plant5131-TMS21F2253P0094,TMS21F2253P0094,5131,1,,1,,,,,,
21.GS.C6.SN.Student2.IB-plant5132-TMS21F2253P0095,TMS21F2253P0095,5132,1,,1,,,,,,
21.GS.C6.SN.Student2.IB-plant5133-TMS21F2253P0096,TMS21F2253P0096,5133,1,,1,,,,,,
21.GS.C6.SN.Student2.IB-plant5134-TMS21F2253P0097,TMS21F2253P0097,5134,1,,1,,,,,,
21.GS.C6.SN.Student2.IB-plant5135-TMS21F2253P0098,TMS21F2253P0098,5135,1,,1,,,,,,
21.GS.C6.SN.Student2.IB-plant5136-TMS21F2253P0099,TMS21F2253P0099,5136,1,,1,,,,,,
21.GS.C6.SN.Student2.IB-plant5137-TMS21F2253P0100,TMS21F2253P0100,5137,1,,1,,,,,,
21.GS.C6.SN.Student2.IB-plant5138-TMS21F2253P0101,TMS21F2253P0101,5138,1,,1,,,,,,
21.GS.C6.SN.Student2.IB-plant5139-TMS21F2253P0102,TMS21F2253P0102,5139,1,,1,,,,,,
21.GS.C6.SN.Student2.IB-plant5140-TMS21F2253P0103,TMS21F2253P0103,5140,1,,1,,,,,,
21.GS.C6.SN.Student2.IB-plant5141-TMS21F2253P0104,TMS21F2253P0104,5141,1,,1,,,,,,
21.GS.C6.SN.Student2.IB-plant5142-TMS21F2253P0105,TMS21F2253P0105,5142,1,,1,,,,,,
21.GS.C6.SN.Student2.IB-plant5143-TMS21F2253P0106,TMS21F2253P0106,5143,1,,1,,,,,,
21.GS.C6.SN.Student2.IB-plant5144-TMS21F2253P0107,TMS21F2253P0107,5144,1,,1,,,,,,
21.GS.C6.SN.Student2.IB-plant5145-TMS21F2253P0108,TMS21F2253P0108,5145,1,,1,,,,,,
21.GS.C6.SN.Student2.IB-plant5146-TMS21F2253P0109,TMS21F2253P0109,5146,1,,1,,,,,,
21.GS.C6.SN.Student2.IB-plant5147-TMS21F2254P0001,TMS21F2254P0001,5147,1,,1,,,,,,
21.GS.C6.SN.Student2.IB-plant5148-TMS21F2254P0002,TMS21F2254P0002,5148,1,,1,,,,,,
21.GS.C6.SN.Student2.IB-plant5149-TMS21F2254P0003,TMS21F2254P0003,5149,1,,1,,,,,,
21.GS.C6.SN.Student2.IB-plant5150-TMS21F2254P0004,TMS21F2254P0004,5150,1,,1,,,,,,
21.GS.C6.SN.Student2.IB-plant5151-TMS21F2254P0005,TMS21F2254P0005,5151,1,,1,,,,,,
21.GS.C6.SN.Student2.IB-plant5152-TMS21F2254P0006,TMS21F2254P0006,5152,1,,1,,,,,,
21.GS.C6.SN.Student2.IB-plant5153-TMS21F2254P0007,TMS21F2254P0007,5153,1,,1,,,,,,
21.GS.C6.SN.Student2.IB-plant5154-TMS21F2254P0008,TMS21F2254P0008,5154,1,,1,,,,,,
21.GS.C6.SN.Student2.IB-plant5155-TMS21F2254P0009,TMS21F2254P0009,5155,1,,1,,,,,,
21.GS.C6.SN.Student2.IB-plant5156-TMS21F2254P0010,TMS21F2254P0010,5156,1,,1,,,,,,
21.GS.C6.SN.Student2.IB-plant5157-TMS21F2254P0011,TMS21F2254P0011,5157,1,,1,,,,,,
21.GS.C6.SN.Student2.IB-plant5158-TMS21F2254P0012,TMS21F2254P0012,5158,1,,1,,,,,,
21.GS.C6.SN.Student2.IB-plant5159-TMS21F2254P0013,TMS21F2254P0013,5159,1,,1,,,,,,
21.GS.C6.SN.Student2.IB-plant5160-TMS21F2254P0014,TMS21F2254P0014,5160,1,,1,,,,,,
21.GS.C6.SN.Student2.IB-plant5161-TMS21F2254P0015,TMS21F2254P0015,5161,1,,1,,,,,,
21.GS.C6.SN.Student2.IB-plant5162-TMS21F2254P0016,TMS21F2254P0016,5162,1,,1,,,,,,
21.GS.C6.SN.Student2.IB-plant5163-TMS21F2254P0017,TMS21F2254P0017,5163,1,,1,,,,,,
21.GS.C6.SN.Student2.IB-plant5164-TMS21F2254P0018,TMS21F2254P0018,5164,1,,1,,,,,,
21.GS.C6.SN.Student2.IB-plant5165-TMS21F2254P0019,TMS21F2254P0019,5165,1,,1,,,,,,
21.GS.C6.SN.Student2.IB-plant5166-TMS21F2254P0020,TMS21F2254P0020,5166,1,,1,,,,,,
21.GS.C6.SN.Student2.IB-plant5167-TMS21F2254P0021,TMS21F2254P0021,5167,1,,1,,,,,,
21.GS.C6.SN.Student2.IB-plant5168-TMS21F2254P0022,TMS21F2254P0022,5168,1,,1,,,,,,
21.GS.C6.SN.Student2.IB-plant5169-TMS21F2254P0023,TMS21F2254P0023,5169,1,,1,,,,,,
21.GS.C6.SN.Student2.IB-plant5170-TMS21F2254P0024,TMS21F2254P0024,5170,1,,1,,,,,,
21.GS.C6.SN.Student2.IB-plant5171-TMS21F2254P0025,TMS21F2254P0025,5171,1,,1,,,,,,
21.GS.C6.SN.Student2.IB-plant5172-TMS21F2254P0026,TMS21F2254P0026,5172,1,,1,,,,,,
21.GS.C6.SN.Student2.IB-plant5173-TMS21F2254P0027,TMS21F2254P0027,5173,1,,1,,,,,,
21.GS.C6.SN.Student2.IB-plant5174-TMS21F2254P0028,TMS21F2254P0028,5174,1,,1,,,,,,
21.GS.C6.SN.Student2.IB-plant5175-TMS21F2254P0029,TMS21F2254P0029,5175,1,,1,,,,,,
21.GS.C6.SN.Student2.IB-plant5176-TMS21F2254P0030,TMS21F2254P0030,5176,1,,1,,,,,,
21.GS.C6.SN.Student2.IB-plant5177-TMS21F2254P0031,TMS21F2254P0031,5177,1,,1,,,,,,
21.GS.C6.SN.Student2.IB-plant5178-TMS21F2254P0032,TMS21F2254P0032,5178,1,,1,,,,,,
21.GS.C6.SN.Student2.IB-plant5179-TMS21F2254P0033,TMS21F2254P0033,5179,1,,1,,,,,,
21.GS.C6.SN.Student2.IB-plant5180-TMS21F2254P0034,TMS21F2254P0034,5180,1,,1,,,,,,
21.GS.C6.SN.Student2.IB-plant5181-TMS21F2254P0035,TMS21F2254P0035,5181,1,,1,,,,,,
21.GS.C6.SN.Student2.IB-plant5182-TMS21F2254P0036,TMS21F2254P0036,5182,1,,1,,,,,,
21.GS.C6.SN.Student2.IB-plant5183-TMS21F2254P0037,TMS21F2254P0037,5183,1,,1,,,,,,
21.GS.C6.SN.Student2.IB-plant5184-TMS21F2254P0038,TMS21F2254P0038,5184,1,,1,,,,,,
21.GS.C6.SN.Student2.IB-plant5185-TMS21F2254P0039,TMS21F2254P0039,5185,1,,1,,,,,,
21.GS.C6.SN.Student2.IB-plant5186-TMS21F2254P0040,TMS21F2254P0040,5186,1,,1,,,,,,
21.GS.C6.SN.Student2.IB-plant5187-TMS21F2254P0041,TMS21F2254P0041,5187,1,,1,,,,,,
21.GS.C6.SN.Student2.IB-plant5188-TMS21F2254P0042,TMS21F2254P0042,5188,1,,1,,,,,,
21.GS.C6.SN.Student2.IB-plant5189-TMS21F2254P0043,TMS21F2254P0043,5189,1,,1,,,,,,
21.GS.C6.SN.Student2.IB-plant5190-TMS21F2254P0044,TMS21F2254P0044,5190,1,,1,,,,,,
21.GS.C6.SN.Student2.IB-plant5191-TMS21F2254P0045,TMS21F2254P0045,5191,1,,1,,,,,,
21.GS.C6.SN.Student2.IB-plant5192-TMS21F2254P0046,TMS21F2254P0046,5192,1,,1,,,,,,
21.GS.C6.SN.Student2.IB-plant5193-TMS21F2254P0047,TMS21F2254P0047,5193,1,,1,,,,,,
21.GS.C6.SN.Student2.IB-plant5194-TMS21F2254P0048,TMS21F2254P0048,5194,1,,1,,,,,,
21.GS.C6.SN.Student2.IB-plant5195-TMS21F2254P0049,TMS21F2254P0049,5195,1,,1,,,,,,
21.GS.C6.SN.Student2.IB-plant5196-TMS21F2254P0050,TMS21F2254P0050,5196,1,,1,,,,,,
21.GS.C6.SN.Student2.IB-plant5197-TMS21F2254P0051,TMS21F2254P0051,5197,1,,1,,,,,,
21.GS.C6.SN.Student2.IB-plant5198-TMS21F2254P0052,TMS21F2254P0052,5198,1,,1,,,,,,
21.GS.C6.SN.Student2.IB-plant5199-TMS21F2254P0053,TMS21F2254P0053,5199,1,,1,,,,,,
21.GS.C6.SN.Student2.IB-plant5200-TMS21F2254P0054,TMS21F2254P0054,5200,1,,1,,,,,,
21.GS.C6.SN.Student2.IB-plant5201-TMS21F2254P0055,TMS21F2254P0055,5201,1,,1,,,,,,
21.GS.C6.SN.Student2.IB-plant5202-TMS21F2254P0056,TMS21F2254P0056,5202,1,,1,,,,,,
21.GS.C6.SN.Student2.IB-plant5203-TMS21F2254P0057,TMS21F2254P0057,5203,1,,1,,,,,,
21.GS.C6.SN.Student2.IB-plant5204-TMS21F2254P0058,TMS21F2254P0058,5204,1,,1,,,,,,
21.GS.C6.SN.Student2.IB-plant5205-TMS21F2254P0059,TMS21F2254P0059,5205,1,,1,,,,,,
21.GS.C6.SN.Student2.IB-plant5206-TMS21F2254P0060,TMS21F2254P0060,5206,1,,1,,,,,,
21.GS.C6.SN.Student2.IB-plant5207-TMS21F2254P0061,TMS21F2254P0061,5207,1,,1,,,,,,
21.GS.C6.SN.Student2.IB-plant5208-TMS21F2254P0062,TMS21F2254P0062,5208,1,,1,,,,,,
21.GS.C6.SN.Student2.IB-plant5209-TMS21F2254P0063,TMS21F2254P0063,5209,1,,1,,,,,,
21.GS.C6.SN.Student2.IB-plant5210-TMS21F2254P0064,TMS21F2254P0064,5210,1,,1,,,,,,
21.GS.C6.SN.Student2.IB-plant5211-TMS21F2254P0065,TMS21F2254P0065,5211,1,,1,,,,,,
21.GS.C6.SN.Student2.IB-plant5212-TMS21F2254P0066,TMS21F2254P0066,5212,1,,1,,,,,,
21.GS.C6.SN.Student2.IB-plant5213-TMS21F2254P0067,TMS21F2254P0067,5213,1,,1,,,,,,
21.GS.C6.SN.Student2.IB-plant5214-TMS21F2254P0068,TMS21F2254P0068,5214,1,,1,,,,,,
21.GS.C6.SN.Student2.IB-plant5215-TMS21F2254P0069,TMS21F2254P0069,5215,1,,1,,,,,,
21.GS.C6.SN.Student2.IB-plant5216-TMS21F2254P0070,TMS21F2254P0070,5216,1,,1,,,,,,
21.GS.C6.SN.Student2.IB-plant5217-TMS21F2254P0071,TMS21F2254P0071,5217,1,,1,,,,,,
21.GS.C6.SN.Student2.IB-plant5218-TMS21F2254P0072,TMS21F2254P0072,5218,1,,1,,,,,,
21.GS.C6.SN.Student2.IB-plant5219-TMS21F2254P0073,TMS21F2254P0073,5219,1,,1,,,,,,
21.GS.C6.SN.Student2.IB-plant5220-TMS21F2254P0074,TMS21F2254P0074,5220,1,,1,,,,,,
21.GS.C6.SN.Student2.IB-plant5221-TMS21F2254P0075,TMS21F2254P0075,5221,1,,1,,,,,,
21.GS.C6.SN.Student2.IB-plant5222-TMS21F2254P0076,TMS21F2254P0076,5222,1,,1,,,,,,
21.GS.C6.SN.Student2.IB-plant5223-TMS21F2254P0077,TMS21F2254P0077,5223,1,,1,,,,,,
21.GS.C6.SN.Student2.IB-plant5224-TMS21F2254P0078,TMS21F2254P0078,5224,1,,1,,,,,,
21.GS.C6.SN.Student2.IB-plant5225-TMS21F2254P0079,TMS21F2254P0079,5225,1,,1,,,,,,
21.GS.C6.SN.Student2.IB-plant5226-TMS21F2254P0080,TMS21F2254P0080,5226,1,,1,,,,,,
21.GS.C6.SN.Student2.IB-plant5227-TMS21F2254P0081,TMS21F2254P0081,5227,1,,1,,,,,,
21.GS.C6.SN.Student2.IB-plant5228-TMS21F2254P0082,TMS21F2254P0082,5228,1,,1,,,,,,
21.GS.C6.SN.Student2.IB-plant5229-TMS21F2254P0083,TMS21F2254P0083,5229,1,,1,,,,,,
21.GS.C6.SN.Student2.IB-plant5230-TMS21F2254P0084,TMS21F2254P0084,5230,1,,1,,,,,,
21.GS.C6.SN.Student2.IB-plant5231-TMS21F2254P0085,TMS21F2254P0085,5231,1,,1,,,,,,
21.GS.C6.SN.Student2.IB-plant5232-TMS21F2254P0086,TMS21F2254P0086,5232,1,,1,,,,,,
21.GS.C6.SN.Student2.IB-plant5233-TMS21F2254P0087,TMS21F2254P0087,5233,1,,1,,,,,,
21.GS.C6.SN.Student2.IB-plant5234-TMS21F2254P0088,TMS21F2254P0088,5234,1,,1,,,,,,
21.GS.C6.SN.Student2.IB-plant5235-TMS21F2254P0089,TMS21F2254P0089,5235,1,,1,,,,,,
21.GS.C6.SN.Student2.IB-plant5236-TMS21F2254P0090,TMS21F2254P0090,5236,1,,1,,,,,,
21.GS.C6.SN.Student2.IB-plant5237-TMS21F2254P0091,TMS21F2254P0091,5237,1,,1,,,,,,
21.GS.C6.SN.Student2.IB-plant5238-TMS21F2254P0092,TMS21F2254P0092,5238,1,,1,,,,,,
21.GS.C6.SN.Student2.IB-plant5239-TMS21F2254P0093,TMS21F2254P0093,5239,1,,1,,,,,,
21.GS.C6.SN.Student2.IB-plant5240-TMS21F2254P0094,TMS21F2254P0094,5240,1,,1,,,,,,
21.GS.C6.SN.Student2.IB-plant5241-TMS21F2254P0095,TMS21F2254P0095,5241,1,,1,,,,,,
21.GS.C6.SN.Student2.IB-plant5242-TMS21F2254P0096,TMS21F2254P0096,5242,1,,1,,,,,,
21.GS.C6.SN.Student2.IB-plant5243-TMS21F2254P0097,TMS21F2254P0097,5243,1,,1,,,,,,
21.GS.C6.SN.Student2.IB-plant5244-TMS21F2255P0001,TMS21F2255P0001,5244,1,,1,,,,,,
21.GS.C6.SN.Student2.IB-plant5245-TMS21F2255P0002,TMS21F2255P0002,5245,1,,1,,,,,,
21.GS.C6.SN.Student2.IB-plant5246-TMS21F2255P0003,TMS21F2255P0003,5246,1,,1,,,,,,
21.GS.C6.SN.Student2.IB-plant5247-TMS21F2255P0004,TMS21F2255P0004,5247,1,,1,,,,,,
21.GS.C6.SN.Student2.IB-plant5248-TMS21F2255P0005,TMS21F2255P0005,5248,1,,1,,,,,,
21.GS.C6.SN.Student2.IB-plant5249-TMS21F2255P0006,TMS21F2255P0006,5249,1,,1,,,,,,
21.GS.C6.SN.Student2.IB-plant5250-TMS21F2255P0007,TMS21F2255P0007,5250,1,,1,,,,,,
21.GS.C6.SN.Student2.IB-plant5251-TMS21F2255P0008,TMS21F2255P0008,5251,1,,1,,,,,,
21.GS.C6.SN.Student2.IB-plant5252-TMS21F2255P0009,TMS21F2255P0009,5252,1,,1,,,,,,
21.GS.C6.SN.Student2.IB-plant5253-TMS21F2255P0010,TMS21F2255P0010,5253,1,,1,,,,,,
21.GS.C6.SN.Student2.IB-plant5254-TMS21F2255P0011,TMS21F2255P0011,5254,1,,1,,,,,,
21.GS.C6.SN.Student2.IB-plant5255-TMS21F2255P0012,TMS21F2255P0012,5255,1,,1,,,,,,
21.GS.C6.SN.Student2.IB-plant5256-TMS21F2255P0013,TMS21F2255P0013,5256,1,,1,,,,,,
21.GS.C6.SN.Student2.IB-plant5257-TMS21F2255P0014,TMS21F2255P0014,5257,1,,1,,,,,,
21.GS.C6.SN.Student2.IB-plant5258-TMS21F2255P0015,TMS21F2255P0015,5258,1,,1,,,,,,
21.GS.C6.SN.Student2.IB-plant5259-TMS21F2255P0016,TMS21F2255P0016,5259,1,,1,,,,,,
21.GS.C6.SN.Student2.IB-plant5260-TMS21F2255P0017,TMS21F2255P0017,5260,1,,1,,,,,,
21.GS.C6.SN.Student2.IB-plant5261-TMS21F2255P0018,TMS21F2255P0018,5261,1,,1,,,,,,
21.GS.C6.SN.Student2.IB-plant5262-TMS21F2255P0019,TMS21F2255P0019,5262,1,,1,,,,,,
21.GS.C6.SN.Student2.IB-plant5263-TMS21F2255P0020,TMS21F2255P0020,5263,1,,1,,,,,,
21.GS.C6.SN.Student2.IB-plant5264-TMS21F2255P0021,TMS21F2255P0021,5264,1,,1,,,,,,
21.GS.C6.SN.Student2.IB-plant5265-TMS21F2255P0022,TMS21F2255P0022,5265,1,,1,,,,,,
21.GS.C6.SN.Student2.IB-plant5266-TMS21F2255P0023,TMS21F2255P0023,5266,1,,1,,,,,,
21.GS.C6.SN.Student2.IB-plant5267-TMS21F2255P0024,TMS21F2255P0024,5267,1,,1,,,,,,
21.GS.C6.SN.Student2.IB-plant5268-TMS21F2255P0025,TMS21F2255P0025,5268,1,,1,,,,,,
21.GS.C6.SN.Student2.IB-plant5269-TMS21F2255P0026,TMS21F2255P0026,5269,1,,1,,,,,,
21.GS.C6.SN.Student2.IB-plant5270-TMS21F2255P0027,TMS21F2255P0027,5270,1,,1,,,,,,
21.GS.C6.SN.Student2.IB-plant5271-TMS21F2255P0028,TMS21F2255P0028,5271,1,,1,,,,,,
21.GS.C6.SN.Student2.IB-plant5272-TMS21F2255P0029,TMS21F2255P0029,5272,1,,1,,,,,,
21.GS.C6.SN.Student2.IB-plant5273-TMS21F2255P0030,TMS21F2255P0030,5273,1,,1,,,,,,
21.GS.C6.SN.Student2.IB-plant5274-TMS21F2255P0031,TMS21F2255P0031,5274,1,,1,,,,,,
21.GS.C6.SN.Student2.IB-plant5275-TMS21F2255P0032,TMS21F2255P0032,5275,1,,1,,,,,,
21.GS.C6.SN.Student2.IB-plant5276-TMS21F2255P0033,TMS21F2255P0033,5276,1,,1,,,,,,
21.GS.C6.SN.Student2.IB-plant5277-TMS21F2255P0034,TMS21F2255P0034,5277,1,,1,,,,,,
21.GS.C6.SN.Student2.IB-plant5278-TMS21F2255P0035,TMS21F2255P0035,5278,1,,1,,,,,,
21.GS.C6.SN.Student2.IB-plant5279-TMS21F2255P0036,TMS21F2255P0036,5279,1,,1,,,,,,
21.GS.C6.SN.Student2.IB-plant5280-TMS21F2255P0037,TMS21F2255P0037,5280,1,,1,,,,,,
21.GS.C6.SN.Student2.IB-plant5281-TMS21F2255P0038,TMS21F2255P0038,5281,1,,1,,,,,,
21.GS.C6.SN.Student2.IB-plant5282-TMS21F2255P0039,TMS21F2255P0039,5282,1,,1,,,,,,
21.GS.C6.SN.Student2.IB-plant5283-TMS21F2255P0040,TMS21F2255P0040,5283,1,,1,,,,,,
21.GS.C6.SN.Student2.IB-plant5284-TMS21F2255P0041,TMS21F2255P0041,5284,1,,1,,,,,,
21.GS.C6.SN.Student2.IB-plant5285-TMS21F2255P0042,TMS21F2255P0042,5285,1,,1,,,,,,
21.GS.C6.SN.Student2.IB-plant5286-TMS21F2255P0043,TMS21F2255P0043,5286,1,,1,,,,,,
21.GS.C6.SN.Student2.IB-plant5287-TMS21F2255P0044,TMS21F2255P0044,5287,1,,1,,,,,,
21.GS.C6.SN.Student2.IB-plant5288-TMS21F2255P0045,TMS21F2255P0045,5288,1,,1,,,,,,
21.GS.C6.SN.Student2.IB-plant5289-TMS21F2255P0046,TMS21F2255P0046,5289,1,,1,,,,,,
21.GS.C6.SN.Student2.IB-plant5290-TMS21F2255P0047,TMS21F2255P0047,5290,1,,1,,,,,,
21.GS.C6.SN.Student2.IB-plant5291-TMS21F2255P0048,TMS21F2255P0048,5291,1,,1,,,,,,
21.GS.C6.SN.Student2.IB-plant5292-TMS21F2255P0049,TMS21F2255P0049,5292,1,,1,,,,,,
21.GS.C6.SN.Student2.IB-plant5293-TMS21F2255P0050,TMS21F2255P0050,5293,1,,1,,,,,,
21.GS.C6.SN.Student2.IB-plant5294-TMS21F2255P0051,TMS21F2255P0051,5294,1,,1,,,,,,
21.GS.C6.SN.Student2.IB-plant5295-TMS21F2255P0052,TMS21F2255P0052,5295,1,,1,,,,,,
21.GS.C6.SN.Student2.IB-plant5296-TMS21F2255P0053,TMS21F2255P0053,5296,1,,1,,,,,,
21.GS.C6.SN.Student2.IB-plant5297-TMS21F2255P0054,TMS21F2255P0054,5297,1,,1,,,,,,
21.GS.C6.SN.Student2.IB-plant5298-TMS21F2255P0055,TMS21F2255P0055,5298,1,,1,,,,,,
21.GS.C6.SN.Student2.IB-plant5299-TMS21F2255P0056,TMS21F2255P0056,5299,1,,1,,,,,,
21.GS.C6.SN.Student2.IB-plant5300-TMS21F2255P0057,TMS21F2255P0057,5300,1,,1,,,,,,
21.GS.C6.SN.Student2.IB-plant5301-TMS21F2255P0058,TMS21F2255P0058,5301,1,,1,,,,,,
21.GS.C6.SN.Student2.IB-plant5302-TMS21F2255P0059,TMS21F2255P0059,5302,1,,1,,,,,,
21.GS.C6.SN.Student2.IB-plant5303-TMS21F2255P0060,TMS21F2255P0060,5303,1,,1,,,,,,
21.GS.C6.SN.Student2.IB-plant5304-TMS21F2255P0061,TMS21F2255P0061,5304,1,,1,,,,,,
21.GS.C6.SN.Student2.IB-plant5305-TMS21F2255P0062,TMS21F2255P0062,5305,1,,1,,,,,,
21.GS.C6.SN.Student2.IB-plant5306-TMS21F2255P0063,TMS21F2255P0063,5306,1,,1,,,,,,
21.GS.C6.SN.Student2.IB-plant5307-TMS21F2255P0064,TMS21F2255P0064,5307,1,,1,,,,,,
21.GS.C6.SN.Student2.IB-plant5308-TMS21F2255P0065,TMS21F2255P0065,5308,1,,1,,,,,,
21.GS.C6.SN.Student2.IB-plant5309-TMS21F2255P0066,TMS21F2255P0066,5309,1,,1,,,,,,
21.GS.C6.SN.Student2.IB-plant5310-TMS21F2255P0067,TMS21F2255P0067,5310,1,,1,,,,,,
21.GS.C6.SN.Student2.IB-plant5311-TMS21F2255P0068,TMS21F2255P0068,5311,1,,1,,,,,,
21.GS.C6.SN.Student2.IB-plant5312-TMS21F2255P0069,TMS21F2255P0069,5312,1,,1,,,,,,
21.GS.C6.SN.Student2.IB-plant5313-TMS21F2255P0070,TMS21F2255P0070,5313,1,,1,,,,,,
21.GS.C6.SN.Student2.IB-plant5314-TMS21F2255P0071,TMS21F2255P0071,5314,1,,1,,,,,,
21.GS.C6.SN.Student2.IB-plant5315-TMS21F2255P0072,TMS21F2255P0072,5315,1,,1,,,,,,
21.GS.C6.SN.Student2.IB-plant5316-TMS21F2255P0073,TMS21F2255P0073,5316,1,,1,,,,,,
21.GS.C6.SN.Student2.IB-plant5317-TMS21F2255P0074,TMS21F2255P0074,5317,1,,1,,,,,,
21.GS.C6.SN.Student2.IB-plant5318-TMS21F2255P0075,TMS21F2255P0075,5318,1,,1,,,,,,
21.GS.C6.SN.Student2.IB-plant5319-TMS21F2255P0076,TMS21F2255P0076,5319,1,,1,,,,,,
21.GS.C6.SN.Student2.IB-plant5320-TMS21F2255P0077,TMS21F2255P0077,5320,1,,1,,,,,,
21.GS.C6.SN.Student2.IB-plant5321-TMS21F2255P0078,TMS21F2255P0078,5321,1,,1,,,,,,
21.GS.C6.SN.Student2.IB-plant5322-TMS21F2255P0079,TMS21F2255P0079,5322,1,,1,,,,,,
21.GS.C6.SN.Student2.IB-plant5323-TMS21F2255P0080,TMS21F2255P0080,5323,1,,1,,,,,,
21.GS.C6.SN.Student2.IB-plant5324-TMS21F2255P0081,TMS21F2255P0081,5324,1,,1,,,,,,
21.GS.C6.SN.Student2.IB-plant5325-TMS21F2255P0082,TMS21F2255P0082,5325,1,,1,,,,,,
21.GS.C6.SN.Student2.IB-plant5326-TMS21F2255P0083,TMS21F2255P0083,5326,1,,1,,,,,,
21.GS.C6.SN.Student2.IB-plant5327-TMS21F2255P0084,TMS21F2255P0084,5327,1,,1,,,,,,
21.GS.C6.SN.Student2.IB-plant5328-TMS21F2255P0085,TMS21F2255P0085,5328,1,,1,,,,,,
21.GS.C6.SN.Student2.IB-plant5329-TMS21F2255P0086,TMS21F2255P0086,5329,1,,1,,,,,,
21.GS.C6.SN.Student2.IB-plant5330-TMS21F2255P0087,TMS21F2255P0087,5330,1,,1,,,,,,
21.GS.C6.SN.Student2.IB-plant5331-TMS21F2255P0088,TMS21F2255P0088,5331,1,,1,,,,,,
21.GS.C6.SN.Student2.IB-plant5332-TMS21F2255P0089,TMS21F2255P0089,5332,1,,1,,,,,,
21.GS.C6.SN.Student2.IB-plant5333-TMS21F2255P0090,TMS21F2255P0090,5333,1,,1,,,,,,
21.GS.C6.SN.Student2.IB-plant5334-TMS21F2255P0091,TMS21F2255P0091,5334,1,,1,,,,,,
21.GS.C6.SN.Student2.IB-plant5335-TMS21F2255P0092,TMS21F2255P0092,5335,1,,1,,,,,,
21.GS.C6.SN.Student2.IB-plant5336-TMS21F2255P0093,TMS21F2255P0093,5336,1,,1,,,,,,
21.GS.C6.SN.Student2.IB-plant5337-TMS21F2255P0094,TMS21F2255P0094,5337,1,,1,,,,,,
21.GS.C6.SN.Student2.IB-plant5338-TMS21F2255P0095,TMS21F2255P0095,5338,1,,1,,,,,,
21.GS.C6.SN.Student2.IB-plant5339-TMS21F2255P0096,TMS21F2255P0096,5339,1,,1,,,,,,
21.GS.C6.SN.Student2.IB-plant5340-TMS21F2255P0097,TMS21F2255P0097,5340,1,,1,,,,,,
21.GS.C6.SN.Student2.IB-plant5341-TMS21F2255P0098,TMS21F2255P0098,5341,1,,1,,,,,,
21.GS.C6.SN.Student2.IB-plant5342-TMS21F2255P0099,TMS21F2255P0099,5342,1,,1,,,,,,
21.GS.C6.SN.Student2.IB-plant5343-TMS21F2255P0100,TMS21F2255P0100,5343,1,,1,,,,,,
21.GS.C6.SN.Student2.IB-plant5344-TMS21F2255P0101,TMS21F2255P0101,5344,1,,1,,,,,,
21.GS.C6.SN.Student2.IB-plant5345-TMS21F2255P0102,TMS21F2255P0102,5345,1,,1,,,,,,
21.GS.C6.SN.Student2.IB-plant5346-TMS21F2255P0103,TMS21F2255P0103,5346,1,,1,,,,,,
21.GS.C6.SN.Student2.IB-plant5347-TMS21F2255P0104,TMS21F2255P0104,5347,1,,1,,,,,,
21.GS.C6.SN.Student2.IB-plant5348-TMS21F2255P0105,TMS21F2255P0105,5348,1,,1,,,,,,
21.GS.C6.SN.Student2.IB-plant5349-TMS21F2255P0106,TMS21F2255P0106,5349,1,,1,,,,,,
21.GS.C6.SN.Student2.IB-plant5350-TMS21F2255P0107,TMS21F2255P0107,5350,1,,1,,,,,,
21.GS.C6.SN.Student2.IB-plant5351-TMS21F2255P0108,TMS21F2255P0108,5351,1,,1,,,,,,
21.GS.C6.SN.Student2.IB-plant5352-TMS21F2255P0109,TMS21F2255P0109,5352,1,,1,,,,,,
21.GS.C6.SN.Student2.IB-plant5353-TMS21F2255P0110,TMS21F2255P0110,5353,1,,1,,,,,,
21.GS.C6.SN.Student2.IB-plant5354-TMS21F2255P0111,TMS21F2255P0111,5354,1,,1,,,,,,
21.GS.C6.SN.Student2.IB-plant5355-TMS21F2255P0112,TMS21F2255P0112,5355,1,,1,,,,,,
21.GS.C6.SN.Student2.IB-plant5356-TMS21F2255P0113,TMS21F2255P0113,5356,1,,1,,,,,,
21.GS.C6.SN.Student2.IB-plant5357-TMS21F2255P0114,TMS21F2255P0114,5357,1,,1,,,,,,
21.GS.C6.SN.Student2.IB-plant5358-TMS21F2255P0115,TMS21F2255P0115,5358,1,,1,,,,,,
21.GS.C6.SN.Student2.IB-plant5359-TMS21F2255P0116,TMS21F2255P0116,5359,1,,1,,,,,,
21.GS.C6.SN.Student2.IB-plant5360-TMS21F2255P0117,TMS21F2255P0117,5360,1,,1,,,,,,
21.GS.C6.SN.Student2.IB-plant5361-TMS21F2255P0118,TMS21F2255P0118,5361,1,,1,,,,,,
21.GS.C6.SN.Student2.IB-plant5362-TMS21F2255P0119,TMS21F2255P0119,5362,1,,1,,,,,,
21.GS.C6.SN.Student2.IB-plant5363-TMS21F2255P0120,TMS21F2255P0120,5363,1,,1,,,,,,
21.GS.C6.SN.Student2.IB-plant5364-TMS21F2255P0121,TMS21F2255P0121,5364,1,,1,,,,,,
21.GS.C6.SN.Student2.IB-plant5365-TMS21F2255P0122,TMS21F2255P0122,5365,1,,1,,,,,,
21.GS.C6.SN.Student2.IB-plant5366-TMS21F2255P0123,TMS21F2255P0123,5366,1,,1,,,,,,
21.GS.C6.SN.Student2.IB-plant5367-TMS21F2255P0124,TMS21F2255P0124,5367,1,,1,,,,,,
21.GS.C6.SN.Student2.IB-plant5368-TMS21F2255P0125,TMS21F2255P0125,5368,1,,1,,,,,,
21.GS.C6.SN.Student2.IB-plant5369-TMS21F2256P0001,TMS21F2256P0001,5369,1,,1,,,,,,
21.GS.C6.SN.Student2.IB-plant5370-TMS21F2256P0002,TMS21F2256P0002,5370,1,,1,,,,,,
21.GS.C6.SN.Student2.IB-plant5371-TMS21F2256P0003,TMS21F2256P0003,5371,1,,1,,,,,,
21.GS.C6.SN.Student2.IB-plant5372-TMS21F2256P0004,TMS21F2256P0004,5372,1,,1,,,,,,
21.GS.C6.SN.Student2.IB-plant5373-TMS21F2256P0005,TMS21F2256P0005,5373,1,,1,,,,,,
21.GS.C6.SN.Student2.IB-plant5374-TMS21F2256P0006,TMS21F2256P0006,5374,1,,1,,,,,,
21.GS.C6.SN.Student2.IB-plant5375-TMS21F2256P0007,TMS21F2256P0007,5375,1,,1,,,,,,
21.GS.C6.SN.Student2.IB-plant5376-TMS21F2256P0008,TMS21F2256P0008,5376,1,,1,,,,,,
21.GS.C6.SN.Student2.IB-plant5377-TMS21F2256P0009,TMS21F2256P0009,5377,1,,1,,,,,,
21.GS.C6.SN.Student2.IB-plant5378-TMS21F2256P0010,TMS21F2256P0010,5378,1,,1,,,,,,
21.GS.C6.SN.Student2.IB-plant5379-TMS21F2256P0011,TMS21F2256P0011,5379,1,,1,,,,,,
21.GS.C6.SN.Student2.IB-plant5380-TMS21F2256P0012,TMS21F2256P0012,5380,1,,1,,,,,,
21.GS.C6.SN.Student2.IB-plant5381-TMS21F2256P0013,TMS21F2256P0013,5381,1,,1,,,,,,
21.GS.C6.SN.Student2.IB-plant5382-TMS21F2256P0014,TMS21F2256P0014,5382,1,,1,,,,,,
21.GS.C6.SN.Student2.IB-plant5383-TMS21F2256P0015,TMS21F2256P0015,5383,1,,1,,,,,,
21.GS.C6.SN.Student2.IB-plant5384-TMS21F2256P0016,TMS21F2256P0016,5384,1,,1,,,,,,
21.GS.C6.SN.Student2.IB-plant5385-TMS21F2256P0017,TMS21F2256P0017,5385,1,,1,,,,,,
21.GS.C6.SN.Student2.IB-plant5386-TMS21F2256P0018,TMS21F2256P0018,5386,1,,1,,,,,,
21.GS.C6.SN.Student2.IB-plant5387-TMS21F2256P0019,TMS21F2256P0019,5387,1,,1,,,,,,
21.GS.C6.SN.Student2.IB-plant5388-TMS21F2256P0020,TMS21F2256P0020,5388,1,,1,,,,,,
21.GS.C6.SN.Student2.IB-plant5389-TMS21F2256P0021,TMS21F2256P0021,5389,1,,1,,,,,,
21.GS.C6.SN.Student2.IB-plant5390-TMS21F2256P0022,TMS21F2256P0022,5390,1,,1,,,,,,
21.GS.C6.SN.Student2.IB-plant5391-TMS21F2256P0023,TMS21F2256P0023,5391,1,,1,,,,,,
21.GS.C6.SN.Student2.IB-plant5392-TMS21F2256P0024,TMS21F2256P0024,5392,1,,1,,,,,,
21.GS.C6.SN.Student2.IB-plant5393-TMS21F2256P0025,TMS21F2256P0025,5393,1,,1,,,,,,
21.GS.C6.SN.Student2.IB-plant5394-TMS21F2256P0026,TMS21F2256P0026,5394,1,,1,,,,,,
21.GS.C6.SN.Student2.IB-plant5395-TMS21F2256P0027,TMS21F2256P0027,5395,1,,1,,,,,,
21.GS.C6.SN.Student2.IB-plant5396-TMS21F2256P0028,TMS21F2256P0028,5396,1,,1,,,,,,
21.GS.C6.SN.Student2.IB-plant5397-TMS21F2256P0029,TMS21F2256P0029,5397,1,,1,,,,,,
21.GS.C6.SN.Student2.IB-plant5398-TMS21F2256P0030,TMS21F2256P0030,5398,1,,1,,,,,,
21.GS.C6.SN.Student2.IB-plant5399-TMS21F2256P0031,TMS21F2256P0031,5399,1,,1,,,,,,
21.GS.C6.SN.Student2.IB-plant5400-TMS21F2256P0032,TMS21F2256P0032,5400,1,,1,,,,,,
21.GS.C6.SN.Student2.IB-plant5401-TMS21F2256P0033,TMS21F2256P0033,5401,1,,1,,,,,,
21.GS.C6.SN.Student2.IB-plant5402-TMS21F2256P0034,TMS21F2256P0034,5402,1,,1,,,,,,
21.GS.C6.SN.Student2.IB-plant5403-TMS21F2256P0035,TMS21F2256P0035,5403,1,,1,,,,,,
21.GS.C6.SN.Student2.IB-plant5404-TMS21F2256P0036,TMS21F2256P0036,5404,1,,1,,,,,,
21.GS.C6.SN.Student2.IB-plant5405-TMS21F2256P0037,TMS21F2256P0037,5405,1,,1,,,,,,
21.GS.C6.SN.Student2.IB-plant5406-TMS21F2256P0038,TMS21F2256P0038,5406,1,,1,,,,,,
21.GS.C6.SN.Student2.IB-plant5407-TMS21F2256P0039,TMS21F2256P0039,5407,1,,1,,,,,,
21.GS.C6.SN.Student2.IB-plant5408-TMS21F2256P0040,TMS21F2256P0040,5408,1,,1,,,,,,
21.GS.C6.SN.Student2.IB-plant5409-TMS21F2256P0041,TMS21F2256P0041,5409,1,,1,,,,,,
21.GS.C6.SN.Student2.IB-plant5410-TMS21F2256P0042,TMS21F2256P0042,5410,1,,1,,,,,,
21.GS.C6.SN.Student2.IB-plant5411-TMS21F2256P0043,TMS21F2256P0043,5411,1,,1,,,,,,
21.GS.C6.SN.Student2.IB-plant5412-TMS21F2256P0044,TMS21F2256P0044,5412,1,,1,,,,,,
21.GS.C6.SN.Student2.IB-plant5413-TMS21F2256P0045,TMS21F2256P0045,5413,1,,1,,,,,,
21.GS.C6.SN.Student2.IB-plant5414-TMS21F2256P0046,TMS21F2256P0046,5414,1,,1,,,,,,
21.GS.C6.SN.Student2.IB-plant5415-TMS21F2256P0047,TMS21F2256P0047,5415,1,,1,,,,,,
21.GS.C6.SN.Student2.IB-plant5416-TMS21F2256P0048,TMS21F2256P0048,5416,1,,1,,,,,,
21.GS.C6.SN.Student2.IB-plant5417-TMS21F2256P0049,TMS21F2256P0049,5417,1,,1,,,,,,
21.GS.C6.SN.Student2.IB-plant5418-TMS21F2256P0050,TMS21F2256P0050,5418,1,,1,,,,,,
21.GS.C6.SN.Student2.IB-plant5419-TMS21F2256P0051,TMS21F2256P0051,5419,1,,1,,,,,,
21.GS.C6.SN.Student2.IB-plant5420-TMS21F2256P0052,TMS21F2256P0052,5420,1,,1,,,,,,
21.GS.C6.SN.Student2.IB-plant5421-TMS21F2256P0053,TMS21F2256P0053,5421,1,,1,,,,,,
21.GS.C6.SN.Student2.IB-plant5422-TMS21F2256P0054,TMS21F2256P0054,5422,1,,1,,,,,,
21.GS.C6.SN.Student2.IB-plant5423-TMS21F2256P0055,TMS21F2256P0055,5423,1,,1,,,,,,
21.GS.C6.SN.Student2.IB-plant5424-TMS21F2256P0056,TMS21F2256P0056,5424,1,,1,,,,,,
21.GS.C6.SN.Student2.IB-plant5425-TMS21F2256P0057,TMS21F2256P0057,5425,1,,1,,,,,,
21.GS.C6.SN.Student2.IB-plant5426-TMS21F2256P0058,TMS21F2256P0058,5426,1,,1,,,,,,
21.GS.C6.SN.Student2.IB-plant5427-TMS21F2256P0059,TMS21F2256P0059,5427,1,,1,,,,,,
21.GS.C6.SN.Student2.IB-plant5428-TMS21F2256P0060,TMS21F2256P0060,5428,1,,1,,,,,,
21.GS.C6.SN.Student2.IB-plant5429-TMS21F2256P0061,TMS21F2256P0061,5429,1,,1,,,,,,
21.GS.C6.SN.Student2.IB-plant5430-TMS21F2256P0062,TMS21F2256P0062,5430,1,,1,,,,,,
21.GS.C6.SN.Student2.IB-plant5431-TMS21F2256P0063,TMS21F2256P0063,5431,1,,1,,,,,,
21.GS.C6.SN.Student2.IB-plant5432-TMS21F2256P0064,TMS21F2256P0064,5432,1,,1,,,,,,
21.GS.C6.SN.Student2.IB-plant5433-TMS21F2256P0065,TMS21F2256P0065,5433,1,,1,,,,,,
21.GS.C6.SN.Student2.IB-plant5434-TMS21F2256P0066,TMS21F2256P0066,5434,1,,1,,,,,,
21.GS.C6.SN.Student2.IB-plant5435-TMS21F2256P0067,TMS21F2256P0067,5435,1,,1,,,,,,
21.GS.C6.SN.Student2.IB-plant5436-TMS21F2256P0068,TMS21F2256P0068,5436,1,,1,,,,,,
21.GS.C6.SN.Student2.IB-plant5437-TMS21F2256P0069,TMS21F2256P0069,5437,1,,1,,,,,,
21.GS.C6.SN.Student2.IB-plant5438-TMS21F2256P0070,TMS21F2256P0070,5438,1,,1,,,,,,
21.GS.C6.SN.Student2.IB-plant5439-TMS21F2256P0071,TMS21F2256P0071,5439,1,,1,,,,,,
21.GS.C6.SN.Student2.IB-plant5440-TMS21F2256P0072,TMS21F2256P0072,5440,1,,1,,,,,,
21.GS.C6.SN.Student2.IB-plant5441-TMS21F2256P0073,TMS21F2256P0073,5441,1,,1,,,,,,
21.GS.C6.SN.Student2.IB-plant5442-TMS21F2256P0074,TMS21F2256P0074,5442,1,,1,,,,,,
21.GS.C6.SN.Student2.IB-plant5443-TMS21F2256P0075,TMS21F2256P0075,5443,1,,1,,,,,,
21.GS.C6.SN.Student2.IB-plant5444-TMS21F2256P0076,TMS21F2256P0076,5444,1,,1,,,,,,
21.GS.C6.SN.Student2.IB-plant5445-TMS21F2256P0077,TMS21F2256P0077,5445,1,,1,,,,,,
21.GS.C6.SN.Student2.IB-plant5446-TMS21F2256P0078,TMS21F2256P0078,5446,1,,1,,,,,,
21.GS.C6.SN.Student2.IB-plant5447-TMS21F2256P0079,TMS21F2256P0079,5447,1,,1,,,,,,
21.GS.C6.SN.Student2.IB-plant5448-TMS21F2256P0080,TMS21F2256P0080,5448,1,,1,,,,,,
21.GS.C6.SN.Student2.IB-plant5449-TMS21F2256P0081,TMS21F2256P0081,5449,1,,1,,,,,,
21.GS.C6.SN.Student2.IB-plant5450-TMS21F2256P0082,TMS21F2256P0082,5450,1,,1,,,,,,
21.GS.C6.SN.Student2.IB-plant5451-TMS21F2256P0083,TMS21F2256P0083,5451,1,,1,,,,,,
21.GS.C6.SN.Student2.IB-plant5452-TMS21F2256P0084,TMS21F2256P0084,5452,1,,1,,,,,,
21.GS.C6.SN.Student2.IB-plant5453-TMS21F2256P0085,TMS21F2256P0085,5453,1,,1,,,,,,
21.GS.C6.SN.Student2.IB-plant5454-TMS21F2256P0086,TMS21F2256P0086,5454,1,,1,,,,,,
21.GS.C6.SN.Student2.IB-plant5455-TMS21F2256P0087,TMS21F2256P0087,5455,1,,1,,,,,,
21.GS.C6.SN.Student2.IB-plant5456-TMS21F2256P0088,TMS21F2256P0088,5456,1,,1,,,,,,
21.GS.C6.SN.Student2.IB-plant5457-TMS21F2256P0089,TMS21F2256P0089,5457,1,,1,,,,,,
21.GS.C6.SN.Student2.IB-plant5458-TMS21F2256P0090,TMS21F2256P0090,5458,1,,1,,,,,,
21.GS.C6.SN.Student2.IB-plant5459-TMS21F2256P0091,TMS21F2256P0091,5459,1,,1,,,,,,
21.GS.C6.SN.Student2.IB-plant5460-TMS21F2256P0092,TMS21F2256P0092,5460,1,,1,,,,,,
21.GS.C6.SN.Student2.IB-plant5461-TMS21F2256P0093,TMS21F2256P0093,5461,1,,1,,,,,,
21.GS.C6.SN.Student2.IB-plant5462-TMS21F2256P0094,TMS21F2256P0094,5462,1,,1,,,,,,
21.GS.C6.SN.Student2.IB-plant5463-TMS21F2256P0095,TMS21F2256P0095,5463,1,,1,,,,,,
21.GS.C6.SN.Student2.IB-plant5464-TMS21F2256P0096,TMS21F2256P0096,5464,1,,1,,,,,,
21.GS.C6.SN.Student2.IB-plant5465-TMS21F2256P0097,TMS21F2256P0097,5465,1,,1,,,,,,
21.GS.C6.SN.Student2.IB-plant5466-TMS21F2256P0098,TMS21F2256P0098,5466,1,,1,,,,,,
21.GS.C6.SN.Student2.IB-plant5467-TMS21F2256P0099,TMS21F2256P0099,5467,1,,1,,,,,,
21.GS.C6.SN.Student2.IB-plant5468-TMS21F2256P0100,TMS21F2256P0100,5468,1,,1,,,,,,
21.GS.C6.SN.Student2.IB-plant5469-TMS21F2256P0101,TMS21F2256P0101,5469,1,,1,,,,,,
21.GS.C6.SN.Student2.IB-plant5470-TMS21F2256P0102,TMS21F2256P0102,5470,1,,1,,,,,,
21.GS.C6.SN.Student2.IB-plant5471-TMS21F2256P0103,TMS21F2256P0103,5471,1,,1,,,,,,
21.GS.C6.SN.Student2.IB-plant5472-TMS21F2256P0104,TMS21F2256P0104,5472,1,,1,,,,,,
21.GS.C6.SN.Student2.IB-plant5473-TMS21F2256P0105,TMS21F2256P0105,5473,1,,1,,,,,,
21.GS.C6.SN.Student2.IB-plant5474-TMS21F2256P0106,TMS21F2256P0106,5474,1,,1,,,,,,
21.GS.C6.SN.Student2.IB-plant5475-TMS21F2256P0107,TMS21F2256P0107,5475,1,,1,,,,,,
21.GS.C6.SN.Student2.IB-plant5476-TMS21F2256P0108,TMS21F2256P0108,5476,1,,1,,,,,,
21.GS.C6.SN.Student2.IB-plant5477-TMS21F2256P0109,TMS21F2256P0109,5477,1,,1,,,,,,
21.GS.C6.SN.Student2.IB-plant5478-TMS21F2256P0110,TMS21F2256P0110,5478,1,,1,,,,,,
21.GS.C6.SN.Student2.IB-plant5479-TMS21F2256P0111,TMS21F2256P0111,5479,1,,1,,,,,,
21.GS.C6.SN.Student2.IB-plant5480-TMS21F2256P0112,TMS21F2256P0112,5480,1,,1,,,,,,
21.GS.C6.SN.Student2.IB-plant5481-TMS21F2256P0113,TMS21F2256P0113,5481,1,,1,,,,,,
21.GS.C6.SN.Student2.IB-plant5482-TMS21F2256P0114,TMS21F2256P0114,5482,1,,1,,,,,,
21.GS.C6.SN.Student2.IB-plant5483-TMS21F2256P0115,TMS21F2256P0115,5483,1,,1,,,,,,
21.GS.C6.SN.Student2.IB-plant5484-TMS21F2256P0116,TMS21F2256P0116,5484,1,,1,,,,,,
21.GS.C6.SN.Student2.IB-plant5485-TMS21F2256P0117,TMS21F2256P0117,5485,1,,1,,,,,,
21.GS.C6.SN.Student2.IB-plant5486-TMS21F2256P0118,TMS21F2256P0118,5486,1,,1,,,,,,
21.GS.C6.SN.Student2.IB-plant5487-TMS21F2256P0119,TMS21F2256P0119,5487,1,,1,,,,,,
21.GS.C6.SN.Student2.IB-plant5488-TMS21F2256P0120,TMS21F2256P0120,5488,1,,1,,,,,,
21.GS.C6.SN.Student2.IB-plant5489-TMS21F2256P0121,TMS21F2256P0121,5489,1,,1,,,,,,
21.GS.C6.SN.Student2.IB-plant5490-TMS21F2256P0122,TMS21F2256P0122,5490,1,,1,,,,,,
21.GS.C6.SN.Student2.IB-plant5491-TMS21F2256P0123,TMS21F2256P0123,5491,1,,1,,,,,,
21.GS.C6.SN.Student2.IB-plant5492-TMS21F2256P0124,TMS21F2256P0124,5492,1,,1,,,,,,
21.GS.C6.SN.Student2.IB-plant5493-TMS21F2256P0125,TMS21F2256P0125,5493,1,,1,,,,,,
21.GS.C6.SN.Student2.IB-plant5494-TMS21F2256P0126,TMS21F2256P0126,5494,1,,1,,,,,,
21.GS.C6.SN.Student2.IB-plant5495-TMS21F2256P0127,TMS21F2256P0127,5495,1,,1,,,,,,
21.GS.C6.SN.Student2.IB-plant5496-TMS21F2256P0128,TMS21F2256P0128,5496,1,,1,,,,,,
21.GS.C6.SN.Student2.IB-plant5497-TMS21F2256P0129,TMS21F2256P0129,5497,1,,1,,,,,,
21.GS.C6.SN.Student2.IB-plant5498-TMS21F2256P0130,TMS21F2256P0130,5498,1,,1,,,,,,
21.GS.C6.SN.Student2.IB-plant5499-TMS21F2256P0131,TMS21F2256P0131,5499,1,,1,,,,,,
21.GS.C6.SN.Student2.IB-plant5500-TMS21F2256P0132,TMS21F2256P0132,5500,1,,1,,,,,,
21.GS.C6.SN.Student2.IB-plant5501-TMS21F2256P0133,TMS21F2256P0133,5501,1,,1,,,,,,
21.GS.C6.SN.Student2.IB-plant5502-TMS21F2256P0134,TMS21F2256P0134,5502,1,,1,,,,,,
21.GS.C6.SN.Student2.IB-plant5503-TMS21F2256P0135,TMS21F2256P0135,5503,1,,1,,,,,,
21.GS.C6.SN.Student2.IB-plant5504-TMS21F2256P0136,TMS21F2256P0136,5504,1,,1,,,,,,
21.GS.C6.SN.Student2.IB-plant5505-TMS21F2256P0137,TMS21F2256P0137,5505,1,,1,,,,,,
21.GS.C6.SN.Student2.IB-plant5506-TMS21F2256P0138,TMS21F2256P0138,5506,1,,1,,,,,,
21.GS.C6.SN.Student2.IB-plant5507-TMS21F2256P0139,TMS21F2256P0139,5507,1,,1,,,,,,
21.GS.C6.SN.Student2.IB-plant5508-TMS21F2256P0140,TMS21F2256P0140,5508,1,,1,,,,,,
21.GS.C6.SN.Student2.IB-plant5509-TMS21F2256P0141,TMS21F2256P0141,5509,1,,1,,,,,,
21.GS.C6.SN.Student2.IB-plant5510-TMS21F2256P0142,TMS21F2256P0142,5510,1,,1,,,,,,
21.GS.C6.SN.Student2.IB-plant5511-TMS21F2256P0143,TMS21F2256P0143,5511,1,,1,,,,,,
21.GS.C6.SN.Student2.IB-plant5512-TMS21F2256P0144,TMS21F2256P0144,5512,1,,1,,,,,,
21.GS.C6.SN.Student2.IB-plant5513-TMS21F2256P0145,TMS21F2256P0145,5513,1,,1,,,,,,
21.GS.C6.SN.Student2.IB-plant5514-TMS21F2256P0146,TMS21F2256P0146,5514,1,,1,,,,,,
21.GS.C6.SN.Student2.IB-plant5515-TMS21F2257P0001,TMS21F2257P0001,5515,1,,1,,,,,,
21.GS.C6.SN.Student2.IB-plant5516-TMS21F2257P0002,TMS21F2257P0002,5516,1,,1,,,,,,
21.GS.C6.SN.Student2.IB-plant5517-TMS21F2257P0003,TMS21F2257P0003,5517,1,,1,,,,,,
21.GS.C6.SN.Student2.IB-plant5518-TMS21F2257P0004,TMS21F2257P0004,5518,1,,1,,,,,,
21.GS.C6.SN.Student2.IB-plant5519-TMS21F2257P0005,TMS21F2257P0005,5519,1,,1,,,,,,
21.GS.C6.SN.Student2.IB-plant5520-TMS21F2257P0006,TMS21F2257P0006,5520,1,,1,,,,,,
21.GS.C6.SN.Student2.IB-plant5521-TMS21F2257P0007,TMS21F2257P0007,5521,1,,1,,,,,,
21.GS.C6.SN.Student2.IB-plant5522-TMS21F2257P0008,TMS21F2257P0008,5522,1,,1,,,,,,
21.GS.C6.SN.Student2.IB-plant5523-TMS21F2257P0009,TMS21F2257P0009,5523,1,,1,,,,,,
21.GS.C6.SN.Student2.IB-plant5524-TMS21F2257P0010,TMS21F2257P0010,5524,1,,1,,,,,,
21.GS.C6.SN.Student2.IB-plant5525-TMS21F2257P0011,TMS21F2257P0011,5525,1,,1,,,,,,
21.GS.C6.SN.Student2.IB-plant5526-TMS21F2257P0012,TMS21F2257P0012,5526,1,,1,,,,,,
21.GS.C6.SN.Student2.IB-plant5527-TMS21F2257P0013,TMS21F2257P0013,5527,1,,1,,,,,,
21.GS.C6.SN.Student2.IB-plant5528-TMS21F2257P0014,TMS21F2257P0014,5528,1,,1,,,,,,
21.GS.C6.SN.Student2.IB-plant5529-TMS21F2257P0015,TMS21F2257P0015,5529,1,,1,,,,,,
21.GS.C6.SN.Student2.IB-plant5530-TMS21F2257P0016,TMS21F2257P0016,5530,1,,1,,,,,,
21.GS.C6.SN.Student2.IB-plant5531-TMS21F2257P0017,TMS21F2257P0017,5531,1,,1,,,,,,
21.GS.C6.SN.Student2.IB-plant5532-TMS21F2257P0018,TMS21F2257P0018,5532,1,,1,,,,,,
21.GS.C6.SN.Student2.IB-plant5533-TMS21F2257P0019,TMS21F2257P0019,5533,1,,1,,,,,,
21.GS.C6.SN.Student2.IB-plant5534-TMS21F2257P0020,TMS21F2257P0020,5534,1,,1,,,,,,
21.GS.C6.SN.Student2.IB-plant5535-TMS21F2257P0021,TMS21F2257P0021,5535,1,,1,,,,,,
21.GS.C6.SN.Student2.IB-plant5536-TMS21F2257P0022,TMS21F2257P0022,5536,1,,1,,,,,,
21.GS.C6.SN.Student2.IB-plant5537-TMS21F2257P0023,TMS21F2257P0023,5537,1,,1,,,,,,
21.GS.C6.SN.Student2.IB-plant5538-TMS21F2257P0024,TMS21F2257P0024,5538,1,,1,,,,,,
21.GS.C6.SN.Student2.IB-plant5539-TMS21F2257P0025,TMS21F2257P0025,5539,1,,1,,,,,,
21.GS.C6.SN.Student2.IB-plant5540-TMS21F2257P0026,TMS21F2257P0026,5540,1,,1,,,,,,
21.GS.C6.SN.Student2.IB-plant5541-TMS21F2257P0027,TMS21F2257P0027,5541,1,,1,,,,,,
21.GS.C6.SN.Student2.IB-plant5542-TMS21F2257P0028,TMS21F2257P0028,5542,1,,1,,,,,,
21.GS.C6.SN.Student2.IB-plant5543-TMS21F2257P0029,TMS21F2257P0029,5543,1,,1,,,,,,
21.GS.C6.SN.Student2.IB-plant5544-TMS21F2257P0030,TMS21F2257P0030,5544,1,,1,,,,,,
21.GS.C6.SN.Student2.IB-plant5545-TMS21F2257P0031,TMS21F2257P0031,5545,1,,1,,,,,,
21.GS.C6.SN.Student2.IB-plant5546-TMS21F2257P0032,TMS21F2257P0032,5546,1,,1,,,,,,
21.GS.C6.SN.Student2.IB-plant5547-TMS21F2257P0033,TMS21F2257P0033,5547,1,,1,,,,,,
21.GS.C6.SN.Student2.IB-plant5548-TMS21F2257P0034,TMS21F2257P0034,5548,1,,1,,,,,,
21.GS.C6.SN.Student2.IB-plant5549-TMS21F2257P0035,TMS21F2257P0035,5549,1,,1,,,,,,
21.GS.C6.SN.Student2.IB-plant5550-TMS21F2257P0036,TMS21F2257P0036,5550,1,,1,,,,,,
21.GS.C6.SN.Student2.IB-plant5551-TMS21F2257P0037,TMS21F2257P0037,5551,1,,1,,,,,,
21.GS.C6.SN.Student2.IB-plant5552-TMS21F2257P0038,TMS21F2257P0038,5552,1,,1,,,,,,
21.GS.C6.SN.Student2.IB-plant5553-TMS21F2257P0039,TMS21F2257P0039,5553,1,,1,,,,,,
21.GS.C6.SN.Student2.IB-plant5554-TMS21F2257P0040,TMS21F2257P0040,5554,1,,1,,,,,,
21.GS.C6.SN.Student2.IB-plant5555-TMS21F2257P0041,TMS21F2257P0041,5555,1,,1,,,,,,
21.GS.C6.SN.Student2.IB-plant5556-TMS21F2257P0042,TMS21F2257P0042,5556,1,,1,,,,,,
21.GS.C6.SN.Student2.IB-plant5557-TMS21F2257P0043,TMS21F2257P0043,5557,1,,1,,,,,,
21.GS.C6.SN.Student2.IB-plant5558-TMS21F2257P0044,TMS21F2257P0044,5558,1,,1,,,,,,
21.GS.C6.SN.Student2.IB-plant5559-TMS21F2257P0045,TMS21F2257P0045,5559,1,,1,,,,,,
21.GS.C6.SN.Student2.IB-plant5560-TMS21F2257P0046,TMS21F2257P0046,5560,1,,1,,,,,,
21.GS.C6.SN.Student2.IB-plant5561-TMS21F2257P0047,TMS21F2257P0047,5561,1,,1,,,,,,
21.GS.C6.SN.Student2.IB-plant5562-TMS21F2257P0048,TMS21F2257P0048,5562,1,,1,,,,,,
21.GS.C6.SN.Student2.IB-plant5563-TMS21F2257P0049,TMS21F2257P0049,5563,1,,1,,,,,,
21.GS.C6.SN.Student2.IB-plant5564-TMS21F2257P0050,TMS21F2257P0050,5564,1,,1,,,,,,
21.GS.C6.SN.Student2.IB-plant5565-TMS21F2257P0051,TMS21F2257P0051,5565,1,,1,,,,,,
21.GS.C6.SN.Student2.IB-plant5566-TMS21F2257P0052,TMS21F2257P0052,5566,1,,1,,,,,,
21.GS.C6.SN.Student2.IB-plant5567-TMS21F2257P0053,TMS21F2257P0053,5567,1,,1,,,,,,
21.GS.C6.SN.Student2.IB-plant5568-TMS21F2257P0054,TMS21F2257P0054,5568,1,,1,,,,,,
21.GS.C6.SN.Student2.IB-plant5569-TMS21F2257P0055,TMS21F2257P0055,5569,1,,1,,,,,,
21.GS.C6.SN.Student2.IB-plant5570-TMS21F2257P0056,TMS21F2257P0056,5570,1,,1,,,,,,
21.GS.C6.SN.Student2.IB-plant5571-TMS21F2257P0057,TMS21F2257P0057,5571,1,,1,,,,,,
21.GS.C6.SN.Student2.IB-plant5572-TMS21F2257P0058,TMS21F2257P0058,5572,1,,1,,,,,,
21.GS.C6.SN.Student2.IB-plant5573-TMS21F2257P0059,TMS21F2257P0059,5573,1,,1,,,,,,
21.GS.C6.SN.Student2.IB-plant5574-TMS21F2257P0060,TMS21F2257P0060,5574,1,,1,,,,,,
21.GS.C6.SN.Student2.IB-plant5575-TMS21F2257P0061,TMS21F2257P0061,5575,1,,1,,,,,,
21.GS.C6.SN.Student2.IB-plant5576-TMS21F2257P0062,TMS21F2257P0062,5576,1,,1,,,,,,
21.GS.C6.SN.Student2.IB-plant5577-TMS21F2257P0063,TMS21F2257P0063,5577,1,,1,,,,,,
21.GS.C6.SN.Student2.IB-plant5578-TMS21F2257P0064,TMS21F2257P0064,5578,1,,1,,,,,,
21.GS.C6.SN.Student2.IB-plant5579-TMS21F2257P0065,TMS21F2257P0065,5579,1,,1,,,,,,
21.GS.C6.SN.Student2.IB-plant5580-TMS21F2257P0066,TMS21F2257P0066,5580,1,,1,,,,,,
21.GS.C6.SN.Student2.IB-plant5581-TMS21F2257P0067,TMS21F2257P0067,5581,1,,1,,,,,,
21.GS.C6.SN.Student2.IB-plant5582-TMS21F2257P0068,TMS21F2257P0068,5582,1,,1,,,,,,
21.GS.C6.SN.Student2.IB-plant5583-TMS21F2257P0069,TMS21F2257P0069,5583,1,,1,,,,,,
21.GS.C6.SN.Student2.IB-plant5584-TMS21F2257P0070,TMS21F2257P0070,5584,1,,1,,,,,,
21.GS.C6.SN.Student2.IB-plant5585-TMS21F2257P0071,TMS21F2257P0071,5585,1,,1,,,,,,
21.GS.C6.SN.Student2.IB-plant5586-TMS21F2257P0072,TMS21F2257P0072,5586,1,,1,,,,,,
21.GS.C6.SN.Student2.IB-plant5587-TMS21F2257P0073,TMS21F2257P0073,5587,1,,1,,,,,,
21.GS.C6.SN.Student2.IB-plant5588-TMS21F2257P0074,TMS21F2257P0074,5588,1,,1,,,,,,
21.GS.C6.SN.Student2.IB-plant5589-TMS21F2257P0075,TMS21F2257P0075,5589,1,,1,,,,,,
21.GS.C6.SN.Student2.IB-plant5590-TMS21F2257P0076,TMS21F2257P0076,5590,1,,1,,,,,,
21.GS.C6.SN.Student2.IB-plant5591-TMS21F2257P0077,TMS21F2257P0077,5591,1,,1,,,,,,
21.GS.C6.SN.Student2.IB-plant5592-TMS21F2257P0078,TMS21F2257P0078,5592,1,,1,,,,,,
21.GS.C6.SN.Student2.IB-plant5593-TMS21F2257P0079,TMS21F2257P0079,5593,1,,1,,,,,,
21.GS.C6.SN.Student2.IB-plant5594-TMS21F2257P0080,TMS21F2257P0080,5594,1,,1,,,,,,
21.GS.C6.SN.Student2.IB-plant5595-TMS21F2257P0081,TMS21F2257P0081,5595,1,,1,,,,,,
21.GS.C6.SN.Student2.IB-plant5596-TMS21F2257P0082,TMS21F2257P0082,5596,1,,1,,,,,,
21.GS.C6.SN.Student2.IB-plant5597-TMS21F2257P0083,TMS21F2257P0083,5597,1,,1,,,,,,
21.GS.C6.SN.Student2.IB-plant5598-TMS21F2257P0084,TMS21F2257P0084,5598,1,,1,,,,,,
21.GS.C6.SN.Student2.IB-plant5599-TMS21F2257P0085,TMS21F2257P0085,5599,1,,1,,,,,,
21.GS.C6.SN.Student2.IB-plant5600-TMS21F2257P0086,TMS21F2257P0086,5600,1,,1,,,,,,
21.GS.C6.SN.Student2.IB-plant5601-TMS21F2257P0087,TMS21F2257P0087,5601,1,,1,,,,,,
21.GS.C6.SN.Student2.IB-plant5602-TMS21F2257P0088,TMS21F2257P0088,5602,1,,1,,,,,,
21.GS.C6.SN.Student2.IB-plant5603-TMS21F2257P0089,TMS21F2257P0089,5603,1,,1,,,,,,
21.GS.C6.SN.Student2.IB-plant5604-TMS21F2257P0090,TMS21F2257P0090,5604,1,,1,,,,,,
21.GS.C6.SN.Student2.IB-plant5605-TMS21F2257P0091,TMS21F2257P0091,5605,1,,1,,,,,,
21.GS.C6.SN.Student2.IB-plant5606-TMS21F2257P0092,TMS21F2257P0092,5606,1,,1,,,,,,
21.GS.C6.SN.Student2.IB-plant5607-TMS21F2257P0093,TMS21F2257P0093,5607,1,,1,,,,,,
21.GS.C6.SN.Student2.IB-plant5608-TMS21F2257P0094,TMS21F2257P0094,5608,1,,1,,,,,,
21.GS.C6.SN.Student2.IB-plant5609-TMS21F2257P0095,TMS21F2257P0095,5609,1,,1,,,,,,
21.GS.C6.SN.Student2.IB-plant5610-TMS21F2257P0096,TMS21F2257P0096,5610,1,,1,,,,,,
21.GS.C6.SN.Student2.IB-plant5611-TMS21F2257P0097,TMS21F2257P0097,5611,1,,1,,,,,,
21.GS.C6.SN.Student2.IB-plant5612-TMS21F2257P0098,TMS21F2257P0098,5612,1,,1,,,,,,
21.GS.C6.SN.Student2.IB-plant5613-TMS21F2257P0099,TMS21F2257P0099,5613,1,,1,,,,,,
21.GS.C6.SN.Student2.IB-plant5614-TMS21F2257P0100,TMS21F2257P0100,5614,1,,1,,,,,,
21.GS.C6.SN.Student2.IB-plant5615-TMS21F2257P0101,TMS21F2257P0101,5615,1,,1,,,,,,
21.GS.C6.SN.Student2.IB-plant5616-TMS21F2257P0102,TMS21F2257P0102,5616,1,,1,,,,,,
21.GS.C6.SN.Student2.IB-plant5617-TMS21F2257P0103,TMS21F2257P0103,5617,1,,1,,,,,,
21.GS.C6.SN.Student2.IB-plant5618-TMS21F2257P0104,TMS21F2257P0104,5618,1,,1,,,,,,
21.GS.C6.SN.Student2.IB-plant5619-TMS21F2257P0105,TMS21F2257P0105,5619,1,,1,,,,,,
21.GS.C6.SN.Student2.IB-plant5620-TMS21F2257P0106,TMS21F2257P0106,5620,1,,1,,,,,,
21.GS.C6.SN.Student2.IB-plant5621-TMS21F2257P0107,TMS21F2257P0107,5621,1,,1,,,,,,
21.GS.C6.SN.Student2.IB-plant5622-TMS21F2257P0108,TMS21F2257P0108,5622,1,,1,,,,,,
21.GS.C6.SN.Student2.IB-plant5623-TMS21F2258P0001,TMS21F2258P0001,5623,1,,1,,,,,,
21.GS.C6.SN.Student2.IB-plant5624-TMS21F2258P0002,TMS21F2258P0002,5624,1,,1,,,,,,
21.GS.C6.SN.Student2.IB-plant5625-TMS21F2258P0003,TMS21F2258P0003,5625,1,,1,,,,,,
21.GS.C6.SN.Student2.IB-plant5626-TMS21F2258P0004,TMS21F2258P0004,5626,1,,1,,,,,,
21.GS.C6.SN.Student2.IB-plant5627-TMS21F2258P0005,TMS21F2258P0005,5627,1,,1,,,,,,
21.GS.C6.SN.Student2.IB-plant5628-TMS21F2258P0006,TMS21F2258P0006,5628,1,,1,,,,,,
21.GS.C6.SN.Student2.IB-plant5629-TMS21F2258P0007,TMS21F2258P0007,5629,1,,1,,,,,,
21.GS.C6.SN.Student2.IB-plant5630-TMS21F2258P0008,TMS21F2258P0008,5630,1,,1,,,,,,
21.GS.C6.SN.Student2.IB-plant5631-TMS21F2258P0009,TMS21F2258P0009,5631,1,,1,,,,,,
21.GS.C6.SN.Student2.IB-plant5632-TMS21F2258P0010,TMS21F2258P0010,5632,1,,1,,,,,,
21.GS.C6.SN.Student2.IB-plant5633-TMS21F2258P0011,TMS21F2258P0011,5633,1,,1,,,,,,
21.GS.C6.SN.Student2.IB-plant5634-TMS21F2258P0012,TMS21F2258P0012,5634,1,,1,,,,,,
21.GS.C6.SN.Student2.IB-plant5635-TMS21F2258P0013,TMS21F2258P0013,5635,1,,1,,,,,,
21.GS.C6.SN.Student2.IB-plant5636-TMS21F2258P0014,TMS21F2258P0014,5636,1,,1,,,,,,
21.GS.C6.SN.Student2.IB-plant5637-TMS21F2258P0015,TMS21F2258P0015,5637,1,,1,,,,,,
21.GS.C6.SN.Student2.IB-plant5638-TMS21F2258P0016,TMS21F2258P0016,5638,1,,1,,,,,,
21.GS.C6.SN.Student2.IB-plant5639-TMS21F2258P0017,TMS21F2258P0017,5639,1,,1,,,,,,
21.GS.C6.SN.Student2.IB-plant5640-TMS21F2258P0018,TMS21F2258P0018,5640,1,,1,,,,,,
21.GS.C6.SN.Student2.IB-plant5641-TMS21F2258P0019,TMS21F2258P0019,5641,1,,1,,,,,,
21.GS.C6.SN.Student2.IB-plant5642-TMS21F2258P0020,TMS21F2258P0020,5642,1,,1,,,,,,
21.GS.C6.SN.Student2.IB-plant5643-TMS21F2258P0021,TMS21F2258P0021,5643,1,,1,,,,,,
21.GS.C6.SN.Student2.IB-plant5644-TMS21F2258P0022,TMS21F2258P0022,5644,1,,1,,,,,,
21.GS.C6.SN.Student2.IB-plant5645-TMS21F2258P0023,TMS21F2258P0023,5645,1,,1,,,,,,
21.GS.C6.SN.Student2.IB-plant5646-TMS21F2258P0024,TMS21F2258P0024,5646,1,,1,,,,,,
21.GS.C6.SN.Student2.IB-plant5647-TMS21F2258P0025,TMS21F2258P0025,5647,1,,1,,,,,,
21.GS.C6.SN.Student2.IB-plant5648-TMS21F2258P0026,TMS21F2258P0026,5648,1,,1,,,,,,
21.GS.C6.SN.Student2.IB-plant5649-TMS21F2258P0027,TMS21F2258P0027,5649,1,,1,,,,,,
21.GS.C6.SN.Student2.IB-plant5650-TMS21F2258P0028,TMS21F2258P0028,5650,1,,1,,,,,,
21.GS.C6.SN.Student2.IB-plant5651-TMS21F2258P0029,TMS21F2258P0029,5651,1,,1,,,,,,
21.GS.C6.SN.Student2.IB-plant5652-TMS21F2258P0030,TMS21F2258P0030,5652,1,,1,,,,,,
21.GS.C6.SN.Student2.IB-plant5653-TMS21F2258P0031,TMS21F2258P0031,5653,1,,1,,,,,,
21.GS.C6.SN.Student2.IB-plant5654-TMS21F2258P0032,TMS21F2258P0032,5654,1,,1,,,,,,
21.GS.C6.SN.Student2.IB-plant5655-TMS21F2258P0033,TMS21F2258P0033,5655,1,,1,,,,,,
21.GS.C6.SN.Student2.IB-plant5656-TMS21F2258P0034,TMS21F2258P0034,5656,1,,1,,,,,,
21.GS.C6.SN.Student2.IB-plant5657-TMS21F2258P0035,TMS21F2258P0035,5657,1,,1,,,,,,
21.GS.C6.SN.Student2.IB-plant5658-TMS21F2258P0036,TMS21F2258P0036,5658,1,,1,,,,,,
21.GS.C6.SN.Student2.IB-plant5659-TMS21F2258P0037,TMS21F2258P0037,5659,1,,1,,,,,,
21.GS.C6.SN.Student2.IB-plant5660-TMS21F2258P0038,TMS21F2258P0038,5660,1,,1,,,,,,
21.GS.C6.SN.Student2.IB-plant5661-TMS21F2258P0039,TMS21F2258P0039,5661,1,,1,,,,,,
21.GS.C6.SN.Student2.IB-plant5662-TMS21F2258P0040,TMS21F2258P0040,5662,1,,1,,,,,,
21.GS.C6.SN.Student2.IB-plant5663-TMS21F2258P0041,TMS21F2258P0041,5663,1,,1,,,,,,
21.GS.C6.SN.Student2.IB-plant5664-TMS21F2258P0042,TMS21F2258P0042,5664,1,,1,,,,,,
21.GS.C6.SN.Student2.IB-plant5665-TMS21F2258P0043,TMS21F2258P0043,5665,1,,1,,,,,,
21.GS.C6.SN.Student2.IB-plant5666-TMS21F2258P0044,TMS21F2258P0044,5666,1,,1,,,,,,
21.GS.C6.SN.Student2.IB-plant5667-TMS21F2258P0045,TMS21F2258P0045,5667,1,,1,,,,,,
21.GS.C6.SN.Student2.IB-plant5668-TMS21F2258P0046,TMS21F2258P0046,5668,1,,1,,,,,,
21.GS.C6.SN.Student2.IB-plant5669-TMS21F2258P0047,TMS21F2258P0047,5669,1,,1,,,,,,
21.GS.C6.SN.Student2.IB-plant5670-TMS21F2258P0048,TMS21F2258P0048,5670,1,,1,,,,,,
21.GS.C6.SN.Student2.IB-plant5671-TMS21F2258P0049,TMS21F2258P0049,5671,1,,1,,,,,,
21.GS.C6.SN.Student2.IB-plant5672-TMS21F2258P0050,TMS21F2258P0050,5672,1,,1,,,,,,
21.GS.C6.SN.Student2.IB-plant5673-TMS21F2258P0051,TMS21F2258P0051,5673,1,,1,,,,,,
21.GS.C6.SN.Student2.IB-plant5674-TMS21F2258P0052,TMS21F2258P0052,5674,1,,1,,,,,,
21.GS.C6.SN.Student2.IB-plant5675-TMS21F2258P0053,TMS21F2258P0053,5675,1,,1,,,,,,
21.GS.C6.SN.Student2.IB-plant5676-TMS21F2258P0054,TMS21F2258P0054,5676,1,,1,,,,,,
21.GS.C6.SN.Student2.IB-plant5677-TMS21F2258P0055,TMS21F2258P0055,5677,1,,1,,,,,,
21.GS.C6.SN.Student2.IB-plant5678-TMS21F2258P0056,TMS21F2258P0056,5678,1,,1,,,,,,
21.GS.C6.SN.Student2.IB-plant5679-TMS21F2258P0057,TMS21F2258P0057,5679,1,,1,,,,,,
21.GS.C6.SN.Student2.IB-plant5680-TMS21F2258P0058,TMS21F2258P0058,5680,1,,1,,,,,,
21.GS.C6.SN.Student2.IB-plant5681-TMS21F2258P0059,TMS21F2258P0059,5681,1,,1,,,,,,
21.GS.C6.SN.Student2.IB-plant5682-TMS21F2258P0060,TMS21F2258P0060,5682,1,,1,,,,,,
21.GS.C6.SN.Student2.IB-plant5683-TMS21F2258P0061,TMS21F2258P0061,5683,1,,1,,,,,,
21.GS.C6.SN.Student2.IB-plant5684-TMS21F2258P0062,TMS21F2258P0062,5684,1,,1,,,,,,
21.GS.C6.SN.Student2.IB-plant5685-TMS21F2258P0063,TMS21F2258P0063,5685,1,,1,,,,,,
21.GS.C6.SN.Student2.IB-plant5686-TMS21F2258P0064,TMS21F2258P0064,5686,1,,1,,,,,,
21.GS.C6.SN.Student2.IB-plant5687-TMS21F2258P0065,TMS21F2258P0065,5687,1,,1,,,,,,
21.GS.C6.SN.Student2.IB-plant5688-TMS21F2258P0066,TMS21F2258P0066,5688,1,,1,,,,,,
21.GS.C6.SN.Student2.IB-plant5689-TMS21F2258P0067,TMS21F2258P0067,5689,1,,1,,,,,,
21.GS.C6.SN.Student2.IB-plant5690-TMS21F2258P0068,TMS21F2258P0068,5690,1,,1,,,,,,
21.GS.C6.SN.Student2.IB-plant5691-TMS21F2258P0069,TMS21F2258P0069,5691,1,,1,,,,,,
21.GS.C6.SN.Student2.IB-plant5692-TMS21F2258P0070,TMS21F2258P0070,5692,1,,1,,,,,,
21.GS.C6.SN.Student2.IB-plant5693-TMS21F2258P0071,TMS21F2258P0071,5693,1,,1,,,,,,
21.GS.C6.SN.Student2.IB-plant5694-TMS21F2258P0072,TMS21F2258P0072,5694,1,,1,,,,,,
21.GS.C6.SN.Student2.IB-plant5695-TMS21F2258P0073,TMS21F2258P0073,5695,1,,1,,,,,,
21.GS.C6.SN.Student2.IB-plant5696-TMS21F2258P0074,TMS21F2258P0074,5696,1,,1,,,,,,
21.GS.C6.SN.Student2.IB-plant5697-TMS21F2258P0075,TMS21F2258P0075,5697,1,,1,,,,,,
21.GS.C6.SN.Student2.IB-plant5698-TMS21F2258P0076,TMS21F2258P0076,5698,1,,1,,,,,,
21.GS.C6.SN.Student2.IB-plant5699-TMS21F2258P0077,TMS21F2258P0077,5699,1,,1,,,,,,
21.GS.C6.SN.Student2.IB-plant5700-TMS21F2258P0078,TMS21F2258P0078,5700,1,,1,,,,,,
21.GS.C6.SN.Student2.IB-plant5701-TMS21F2258P0079,TMS21F2258P0079,5701,1,,1,,,,,,
21.GS.C6.SN.Student2.IB-plant5702-TMS21F2258P0080,TMS21F2258P0080,5702,1,,1,,,,,,
21.GS.C6.SN.Student2.IB-plant5703-TMS21F2258P0081,TMS21F2258P0081,5703,1,,1,,,,,,
21.GS.C6.SN.Student2.IB-plant5704-TMS21F2258P0082,TMS21F2258P0082,5704,1,,1,,,,,,
21.GS.C6.SN.Student2.IB-plant5705-TMS21F2258P0083,TMS21F2258P0083,5705,1,,1,,,,,,
21.GS.C6.SN.Student2.IB-plant5706-TMS21F2258P0084,TMS21F2258P0084,5706,1,,1,,,,,,
21.GS.C6.SN.Student2.IB-plant5707-TMS21F2258P0085,TMS21F2258P0085,5707,1,,1,,,,,,
21.GS.C6.SN.Student2.IB-plant5708-TMS21F2258P0086,TMS21F2258P0086,5708,1,,1,,,,,,
21.GS.C6.SN.Student2.IB-plant5709-TMS21F2258P0087,TMS21F2258P0087,5709,1,,1,,,,,,
21.GS.C6.SN.Student2.IB-plant5710-TMS21F2258P0088,TMS21F2258P0088,5710,1,,1,,,,,,
21.GS.C6.SN.Student2.IB-plant5711-TMS21F2258P0089,TMS21F2258P0089,5711,1,,1,,,,,,
21.GS.C6.SN.Student2.IB-plant5712-TMS21F2258P0090,TMS21F2258P0090,5712,1,,1,,,,,,
21.GS.C6.SN.Student2.IB-plant5713-TMS21F2258P0091,TMS21F2258P0091,5713,1,,1,,,,,,
21.GS.C6.SN.Student2.IB-plant5714-TMS21F2258P0092,TMS21F2258P0092,5714,1,,1,,,,,,
21.GS.C6.SN.Student2.IB-plant5715-TMS21F2258P0093,TMS21F2258P0093,5715,1,,1,,,,,,
21.GS.C6.SN.Student2.IB-plant5716-TMS21F2258P0094,TMS21F2258P0094,5716,1,,1,,,,,,
21.GS.C6.SN.Student2.IB-plant5717-TMS21F2258P0095,TMS21F2258P0095,5717,1,,1,,,,,,
21.GS.C6.SN.Student2.IB-plant5718-TMS21F2258P0096,TMS21F2258P0096,5718,1,,1,,,,,,
21.GS.C6.SN.Student2.IB-plant5719-TMS21F2258P0097,TMS21F2258P0097,5719,1,,1,,,,,,
21.GS.C6.SN.Student2.IB-plant5720-TMS21F2258P0098,TMS21F2258P0098,5720,1,,1,,,,,,
21.GS.C6.SN.Student2.IB-plant5721-TMS21F2258P0099,TMS21F2258P0099,5721,1,,1,,,,,,
21.GS.C6.SN.Student2.IB-plant5722-TMS21F2258P0100,TMS21F2258P0100,5722,1,,1,,,,,,
21.GS.C6.SN.Student2.IB-plant5723-TMS21F2258P0101,TMS21F2258P0101,5723,1,,1,,,,,,
21.GS.C6.SN.Student2.IB-plant5724-TMS21F2258P0102,TMS21F2258P0102,5724,1,,1,,,,,,
21.GS.C6.SN.Student2.IB-plant5725-TMS21F2258P0103,TMS21F2258P0103,5725,1,,1,,,,,,
21.GS.C6.SN.Student2.IB-plant5726-TMS21F2258P0104,TMS21F2258P0104,5726,1,,1,,,,,,
21.GS.C6.SN.Student2.IB-plant5727-TMS21F2258P0105,TMS21F2258P0105,5727,1,,1,,,,,,
21.GS.C6.SN.Student2.IB-plant5728-TMS21F2258P0106,TMS21F2258P0106,5728,1,,1,,,,,,
21.GS.C6.SN.Student2.IB-plant5729-TMS21F2258P0107,TMS21F2258P0107,5729,1,,1,,,,,,
21.GS.C6.SN.Student2.IB-plant5730-TMS21F2259P0001,TMS21F2259P0001,5730,1,,1,,,,,,
21.GS.C6.SN.Student2.IB-plant5731-TMS21F2259P0002,TMS21F2259P0002,5731,1,,1,,,,,,
21.GS.C6.SN.Student2.IB-plant5732-TMS21F2259P0003,TMS21F2259P0003,5732,1,,1,,,,,,
21.GS.C6.SN.Student2.IB-plant5733-TMS21F2259P0004,TMS21F2259P0004,5733,1,,1,,,,,,
21.GS.C6.SN.Student2.IB-plant5734-TMS21F2259P0005,TMS21F2259P0005,5734,1,,1,,,,,,
21.GS.C6.SN.Student2.IB-plant5735-TMS21F2259P0006,TMS21F2259P0006,5735,1,,1,,,,,,
21.GS.C6.SN.Student2.IB-plant5736-TMS21F2259P0007,TMS21F2259P0007,5736,1,,1,,,,,,
21.GS.C6.SN.Student2.IB-plant5737-TMS21F2259P0008,TMS21F2259P0008,5737,1,,1,,,,,,
21.GS.C6.SN.Student2.IB-plant5738-TMS21F2259P0009,TMS21F2259P0009,5738,1,,1,,,,,,
21.GS.C6.SN.Student2.IB-plant5739-TMS21F2259P0010,TMS21F2259P0010,5739,1,,1,,,,,,
21.GS.C6.SN.Student2.IB-plant5740-TMS21F2259P0011,TMS21F2259P0011,5740,1,,1,,,,,,
21.GS.C6.SN.Student2.IB-plant5741-TMS21F2259P0012,TMS21F2259P0012,5741,1,,1,,,,,,
21.GS.C6.SN.Student2.IB-plant5742-TMS21F2259P0013,TMS21F2259P0013,5742,1,,1,,,,,,
21.GS.C6.SN.Student2.IB-plant5743-TMS21F2259P0014,TMS21F2259P0014,5743,1,,1,,,,,,
21.GS.C6.SN.Student2.IB-plant5744-TMS21F2259P0015,TMS21F2259P0015,5744,1,,1,,,,,,
21.GS.C6.SN.Student2.IB-plant5745-TMS21F2259P0016,TMS21F2259P0016,5745,1,,1,,,,,,
21.GS.C6.SN.Student2.IB-plant5746-TMS21F2259P0017,TMS21F2259P0017,5746,1,,1,,,,,,
21.GS.C6.SN.Student2.IB-plant5747-TMS21F2259P0018,TMS21F2259P0018,5747,1,,1,,,,,,
21.GS.C6.SN.Student2.IB-plant5748-TMS21F2259P0019,TMS21F2259P0019,5748,1,,1,,,,,,
21.GS.C6.SN.Student2.IB-plant5749-TMS21F2259P0020,TMS21F2259P0020,5749,1,,1,,,,,,
21.GS.C6.SN.Student2.IB-plant5750-TMS21F2259P0021,TMS21F2259P0021,5750,1,,1,,,,,,
21.GS.C6.SN.Student2.IB-plant5751-TMS21F2259P0022,TMS21F2259P0022,5751,1,,1,,,,,,
21.GS.C6.SN.Student2.IB-plant5752-TMS21F2259P0023,TMS21F2259P0023,5752,1,,1,,,,,,
21.GS.C6.SN.Student2.IB-plant5753-TMS21F2259P0024,TMS21F2259P0024,5753,1,,1,,,,,,
21.GS.C6.SN.Student2.IB-plant5754-TMS21F2259P0025,TMS21F2259P0025,5754,1,,1,,,,,,
21.GS.C6.SN.Student2.IB-plant5755-TMS21F2259P0026,TMS21F2259P0026,5755,1,,1,,,,,,
21.GS.C6.SN.Student2.IB-plant5756-TMS21F2259P0027,TMS21F2259P0027,5756,1,,1,,,,,,
21.GS.C6.SN.Student2.IB-plant5757-TMS21F2259P0028,TMS21F2259P0028,5757,1,,1,,,,,,
21.GS.C6.SN.Student2.IB-plant5758-TMS21F2259P0029,TMS21F2259P0029,5758,1,,1,,,,,,
21.GS.C6.SN.Student2.IB-plant5759-TMS21F2259P0030,TMS21F2259P0030,5759,1,,1,,,,,,
21.GS.C6.SN.Student2.IB-plant5760-TMS21F2259P0031,TMS21F2259P0031,5760,1,,1,,,,,,
21.GS.C6.SN.Student2.IB-plant5761-TMS21F2259P0032,TMS21F2259P0032,5761,1,,1,,,,,,
21.GS.C6.SN.Student2.IB-plant5762-TMS21F2259P0033,TMS21F2259P0033,5762,1,,1,,,,,,
21.GS.C6.SN.Student2.IB-plant5763-TMS21F2259P0034,TMS21F2259P0034,5763,1,,1,,,,,,
21.GS.C6.SN.Student2.IB-plant5764-TMS21F2259P0035,TMS21F2259P0035,5764,1,,1,,,,,,
21.GS.C6.SN.Student2.IB-plant5765-TMS21F2259P0036,TMS21F2259P0036,5765,1,,1,,,,,,
21.GS.C6.SN.Student2.IB-plant5766-TMS21F2259P0037,TMS21F2259P0037,5766,1,,1,,,,,,
21.GS.C6.SN.Student2.IB-plant5767-TMS21F2259P0038,TMS21F2259P0038,5767,1,,1,,,,,,
21.GS.C6.SN.Student2.IB-plant5768-TMS21F2259P0039,TMS21F2259P0039,5768,1,,1,,,,,,
21.GS.C6.SN.Student2.IB-plant5769-TMS21F2259P0040,TMS21F2259P0040,5769,1,,1,,,,,,
21.GS.C6.SN.Student2.IB-plant5770-TMS21F2259P0041,TMS21F2259P0041,5770,1,,1,,,,,,
21.GS.C6.SN.Student2.IB-plant5771-TMS21F2259P0042,TMS21F2259P0042,5771,1,,1,,,,,,
21.GS.C6.SN.Student2.IB-plant5772-TMS21F2259P0043,TMS21F2259P0043,5772,1,,1,,,,,,
21.GS.C6.SN.Student2.IB-plant5773-TMS21F2259P0044,TMS21F2259P0044,5773,1,,1,,,,,,
21.GS.C6.SN.Student2.IB-plant5774-TMS21F2259P0045,TMS21F2259P0045,5774,1,,1,,,,,,
21.GS.C6.SN.Student2.IB-plant5775-TMS21F2259P0046,TMS21F2259P0046,5775,1,,1,,,,,,
21.GS.C6.SN.Student2.IB-plant5776-TMS21F2259P0047,TMS21F2259P0047,5776,1,,1,,,,,,
21.GS.C6.SN.Student2.IB-plant5777-TMS21F2259P0048,TMS21F2259P0048,5777,1,,1,,,,,,
21.GS.C6.SN.Student2.IB-plant5778-TMS21F2259P0049,TMS21F2259P0049,5778,1,,1,,,,,,
21.GS.C6.SN.Student2.IB-plant5779-TMS21F2259P0050,TMS21F2259P0050,5779,1,,1,,,,,,
21.GS.C6.SN.Student2.IB-plant5780-TMS21F2259P0051,TMS21F2259P0051,5780,1,,1,,,,,,
21.GS.C6.SN.Student2.IB-plant5781-TMS21F2259P0052,TMS21F2259P0052,5781,1,,1,,,,,,
21.GS.C6.SN.Student2.IB-plant5782-TMS21F2259P0053,TMS21F2259P0053,5782,1,,1,,,,,,
21.GS.C6.SN.Student2.IB-plant5783-TMS21F2259P0054,TMS21F2259P0054,5783,1,,1,,,,,,
21.GS.C6.SN.Student2.IB-plant5784-TMS21F2259P0055,TMS21F2259P0055,5784,1,,1,,,,,,
21.GS.C6.SN.Student2.IB-plant5785-TMS21F2259P0056,TMS21F2259P0056,5785,1,,1,,,,,,
21.GS.C6.SN.Student2.IB-plant5786-TMS21F2259P0057,TMS21F2259P0057,5786,1,,1,,,,,,
21.GS.C6.SN.Student2.IB-plant5787-TMS21F2259P0058,TMS21F2259P0058,5787,1,,1,,,,,,
21.GS.C6.SN.Student2.IB-plant5788-TMS21F2259P0059,TMS21F2259P0059,5788,1,,1,,,,,,
21.GS.C6.SN.Student2.IB-plant5789-TMS21F2259P0060,TMS21F2259P0060,5789,1,,1,,,,,,
21.GS.C6.SN.Student2.IB-plant5790-TMS21F2259P0061,TMS21F2259P0061,5790,1,,1,,,,,,
21.GS.C6.SN.Student2.IB-plant5791-TMS21F2259P0062,TMS21F2259P0062,5791,1,,1,,,,,,
21.GS.C6.SN.Student2.IB-plant5792-TMS21F2259P0063,TMS21F2259P0063,5792,1,,1,,,,,,
21.GS.C6.SN.Student2.IB-plant5793-TMS21F2259P0064,TMS21F2259P0064,5793,1,,1,,,,,,
21.GS.C6.SN.Student2.IB-plant5794-TMS21F2259P0065,TMS21F2259P0065,5794,1,,1,,,,,,
21.GS.C6.SN.Student2.IB-plant5795-TMS21F2260P0001,TMS21F2260P0001,5795,1,,1,,,,,,
21.GS.C6.SN.Student2.IB-plant5796-TMS21F2260P0002,TMS21F2260P0002,5796,1,,1,,,,,,
21.GS.C6.SN.Student2.IB-plant5797-TMS21F2260P0003,TMS21F2260P0003,5797,1,,1,,,,,,
21.GS.C6.SN.Student2.IB-plant5798-TMS21F2260P0004,TMS21F2260P0004,5798,1,,1,,,,,,
21.GS.C6.SN.Student2.IB-plant5799-TMS21F2260P0005,TMS21F2260P0005,5799,1,,1,,,,,,
21.GS.C6.SN.Student2.IB-plant5800-TMS21F2260P0006,TMS21F2260P0006,5800,1,,1,,,,,,
21.GS.C6.SN.Student2.IB-plant5801-TMS21F2260P0007,TMS21F2260P0007,5801,1,,1,,,,,,
21.GS.C6.SN.Student2.IB-plant5802-TMS21F2260P0008,TMS21F2260P0008,5802,1,,1,,,,,,
21.GS.C6.SN.Student2.IB-plant5803-TMS21F2260P0009,TMS21F2260P0009,5803,1,,1,,,,,,
21.GS.C6.SN.Student2.IB-plant5804-TMS21F2260P0010,TMS21F2260P0010,5804,1,,1,,,,,,
21.GS.C6.SN.Student2.IB-plant5805-TMS21F2260P0011,TMS21F2260P0011,5805,1,,1,,,,,,
21.GS.C6.SN.Student2.IB-plant5806-TMS21F2260P0012,TMS21F2260P0012,5806,1,,1,,,,,,
21.GS.C6.SN.Student2.IB-plant5807-TMS21F2260P0013,TMS21F2260P0013,5807,1,,1,,,,,,
21.GS.C6.SN.Student2.IB-plant5808-TMS21F2260P0014,TMS21F2260P0014,5808,1,,1,,,,,,
21.GS.C6.SN.Student2.IB-plant5809-TMS21F2260P0015,TMS21F2260P0015,5809,1,,1,,,,,,
21.GS.C6.SN.Student2.IB-plant5810-TMS21F2260P0016,TMS21F2260P0016,5810,1,,1,,,,,,
21.GS.C6.SN.Student2.IB-plant5811-TMS21F2260P0017,TMS21F2260P0017,5811,1,,1,,,,,,
21.GS.C6.SN.Student2.IB-plant5812-TMS21F2260P0018,TMS21F2260P0018,5812,1,,1,,,,,,
21.GS.C6.SN.Student2.IB-plant5813-TMS21F2260P0019,TMS21F2260P0019,5813,1,,1,,,,,,
21.GS.C6.SN.Student2.IB-plant5814-TMS21F2260P0020,TMS21F2260P0020,5814,1,,1,,,,,,
21.GS.C6.SN.Student2.IB-plant5815-TMS21F2260P0021,TMS21F2260P0021,5815,1,,1,,,,,,
21.GS.C6.SN.Student2.IB-plant5816-TMS21F2260P0022,TMS21F2260P0022,5816,1,,1,,,,,,
21.GS.C6.SN.Student2.IB-plant5817-TMS21F2260P0023,TMS21F2260P0023,5817,1,,1,,,,,,
21.GS.C6.SN.Student2.IB-plant5818-TMS21F2260P0024,TMS21F2260P0024,5818,1,,1,,,,,,
21.GS.C6.SN.Student2.IB-plant5819-TMS21F2260P0025,TMS21F2260P0025,5819,1,,1,,,,,,
21.GS.C6.SN.Student2.IB-plant5820-TMS21F2260P0026,TMS21F2260P0026,5820,1,,1,,,,,,
21.GS.C6.SN.Student2.IB-plant5821-TMS21F2260P0027,TMS21F2260P0027,5821,1,,1,,,,,,
21.GS.C6.SN.Student2.IB-plant5822-TMS21F2260P0028,TMS21F2260P0028,5822,1,,1,,,,,,
21.GS.C6.SN.Student2.IB-plant5823-TMS21F2260P0029,TMS21F2260P0029,5823,1,,1,,,,,,
21.GS.C6.SN.Student2.IB-plant5824-TMS21F2260P0030,TMS21F2260P0030,5824,1,,1,,,,,,
21.GS.C6.SN.Student2.IB-plant5825-TMS21F2260P0031,TMS21F2260P0031,5825,1,,1,,,,,,
21.GS.C6.SN.Student2.IB-plant5826-TMS21F2260P0032,TMS21F2260P0032,5826,1,,1,,,,,,
21.GS.C6.SN.Student2.IB-plant5827-TMS21F2260P0033,TMS21F2260P0033,5827,1,,1,,,,,,
21.GS.C6.SN.Student2.IB-plant5828-TMS21F2260P0034,TMS21F2260P0034,5828,1,,1,,,,,,
21.GS.C6.SN.Student2.IB-plant5829-TMS21F2260P0035,TMS21F2260P0035,5829,1,,1,,,,,,
21.GS.C6.SN.Student2.IB-plant5830-TMS21F2260P0036,TMS21F2260P0036,5830,1,,1,,,,,,
21.GS.C6.SN.Student2.IB-plant5831-TMS21F2260P0037,TMS21F2260P0037,5831,1,,1,,,,,,
21.GS.C6.SN.Student2.IB-plant5832-TMS21F2260P0038,TMS21F2260P0038,5832,1,,1,,,,,,
21.GS.C6.SN.Student2.IB-plant5833-TMS21F2260P0039,TMS21F2260P0039,5833,1,,1,,,,,,
21.GS.C6.SN.Student2.IB-plant5834-TMS21F2260P0040,TMS21F2260P0040,5834,1,,1,,,,,,
21.GS.C6.SN.Student2.IB-plant5835-TMS21F2260P0041,TMS21F2260P0041,5835,1,,1,,,,,,
21.GS.C6.SN.Student2.IB-plant5836-TMS21F2260P0042,TMS21F2260P0042,5836,1,,1,,,,,,
21.GS.C6.SN.Student2.IB-plant5837-TMS21F2260P0043,TMS21F2260P0043,5837,1,,1,,,,,,
21.GS.C6.SN.Student2.IB-plant5838-TMS21F2260P0044,TMS21F2260P0044,5838,1,,1,,,,,,
21.GS.C6.SN.Student2.IB-plant5839-TMS21F2260P0045,TMS21F2260P0045,5839,1,,1,,,,,,
21.GS.C6.SN.Student2.IB-plant5840-TMS21F2260P0046,TMS21F2260P0046,5840,1,,1,,,,,,
21.GS.C6.SN.Student2.IB-plant5841-TMS21F2260P0047,TMS21F2260P0047,5841,1,,1,,,,,,
21.GS.C6.SN.Student2.IB-plant5842-TMS21F2260P0048,TMS21F2260P0048,5842,1,,1,,,,,,
21.GS.C6.SN.Student2.IB-plant5843-TMS21F2260P0049,TMS21F2260P0049,5843,1,,1,,,,,,
21.GS.C6.SN.Student2.IB-plant5844-TMS21F2260P0050,TMS21F2260P0050,5844,1,,1,,,,,,
21.GS.C6.SN.Student2.IB-plant5845-TMS21F2260P0051,TMS21F2260P0051,5845,1,,1,,,,,,
21.GS.C6.SN.Student2.IB-plant5846-TMS21F2260P0052,TMS21F2260P0052,5846,1,,1,,,,,,
21.GS.C6.SN.Student2.IB-plant5847-TMS21F2260P0053,TMS21F2260P0053,5847,1,,1,,,,,,
21.GS.C6.SN.Student2.IB-plant5848-TMS21F2260P0054,TMS21F2260P0054,5848,1,,1,,,,,,
21.GS.C6.SN.Student2.IB-plant5849-TMS21F2260P0055,TMS21F2260P0055,5849,1,,1,,,,,,
21.GS.C6.SN.Student2.IB-plant5850-TMS21F2260P0056,TMS21F2260P0056,5850,1,,1,,,,,,
21.GS.C6.SN.Student2.IB-plant5851-TMS21F2260P0057,TMS21F2260P0057,5851,1,,1,,,,,,
21.GS.C6.SN.Student2.IB-plant5852-TMS21F2260P0058,TMS21F2260P0058,5852,1,,1,,,,,,
21.GS.C6.SN.Student2.IB-plant5853-TMS21F2260P0059,TMS21F2260P0059,5853,1,,1,,,,,,
21.GS.C6.SN.Student2.IB-plant5854-TMS21F2260P0060,TMS21F2260P0060,5854,1,,1,,,,,,
21.GS.C6.SN.Student2.IB-plant5855-TMS21F2260P0061,TMS21F2260P0061,5855,1,,1,,,,,,
21.GS.C6.SN.Student2.IB-plant5856-TMS21F2260P0062,TMS21F2260P0062,5856,1,,1,,,,,,
21.GS.C6.SN.Student2.IB-plant5857-TMS21F2260P0063,TMS21F2260P0063,5857,1,,1,,,,,,
21.GS.C6.SN.Student2.IB-plant5858-TMS21F2260P0064,TMS21F2260P0064,5858,1,,1,,,,,,
21.GS.C6.SN.Student2.IB-plant5859-TMS21F2260P0065,TMS21F2260P0065,5859,1,,1,,,,,,
21.GS.C6.SN.Student2.IB-plant5860-TMS21F2260P0066,TMS21F2260P0066,5860,1,,1,,,,,,
21.GS.C6.SN.Student2.IB-plant5861-TMS21F2260P0067,TMS21F2260P0067,5861,1,,1,,,,,,
21.GS.C6.SN.Student2.IB-plant5862-TMS21F2260P0068,TMS21F2260P0068,5862,1,,1,,,,,,
21.GS.C6.SN.Student2.IB-plant5863-TMS21F2260P0069,TMS21F2260P0069,5863,1,,1,,,,,,
21.GS.C6.SN.Student2.IB-plant5864-TMS21F2260P0070,TMS21F2260P0070,5864,1,,1,,,,,,
21.GS.C6.SN.Student2.IB-plant5865-TMS21F2260P0071,TMS21F2260P0071,5865,1,,1,,,,,,
21.GS.C6.SN.Student2.IB-plant5866-TMS21F2260P0072,TMS21F2260P0072,5866,1,,1,,,,,,
21.GS.C6.SN.Student2.IB-plant5867-TMS21F2260P0073,TMS21F2260P0073,5867,1,,1,,,,,,
21.GS.C6.SN.Student2.IB-plant5868-TMS21F2260P0074,TMS21F2260P0074,5868,1,,1,,,,,,
21.GS.C6.SN.Student2.IB-plant5869-TMS21F2260P0075,TMS21F2260P0075,5869,1,,1,,,,,,
21.GS.C6.SN.Student2.IB-plant5870-TMS21F2260P0076,TMS21F2260P0076,5870,1,,1,,,,,,
21.GS.C6.SN.Student2.IB-plant5871-TMS21F2260P0077,TMS21F2260P0077,5871,1,,1,,,,,,
21.GS.C6.SN.Student2.IB-plant5872-TMS21F2260P0078,TMS21F2260P0078,5872,1,,1,,,,,,
21.GS.C6.SN.Student2.IB-plant5873-TMS21F2260P0079,TMS21F2260P0079,5873,1,,1,,,,,,
21.GS.C6.SN.Student2.IB-plant5874-TMS21F2260P0080,TMS21F2260P0080,5874,1,,1,,,,,,
21.GS.C6.SN.Student2.IB-plant5875-TMS21F2260P0081,TMS21F2260P0081,5875,1,,1,,,,,,
21.GS.C6.SN.Student2.IB-plant5876-TMS21F2260P0082,TMS21F2260P0082,5876,1,,1,,,,,,
21.GS.C6.SN.Student2.IB-plant5877-TMS21F2260P0083,TMS21F2260P0083,5877,1,,1,,,,,,
21.GS.C6.SN.Student2.IB-plant5878-TMS21F2260P0084,TMS21F2260P0084,5878,1,,1,,,,,,
21.GS.C6.SN.Student2.IB-plant5879-TMS21F2260P0085,TMS21F2260P0085,5879,1,,1,,,,,,
21.GS.C6.SN.Student2.IB-plant5880-TMS21F2260P0086,TMS21F2260P0086,5880,1,,1,,,,,,
21.GS.C6.SN.Student2.IB-plant5881-TMS21F2260P0087,TMS21F2260P0087,5881,1,,1,,,,,,
21.GS.C6.SN.Student2.IB-plant5882-TMS21F2260P0088,TMS21F2260P0088,5882,1,,1,,,,,,
21.GS.C6.SN.Student2.IB-plant5883-TMS21F2260P0089,TMS21F2260P0089,5883,1,,1,,,,,,
21.GS.C6.SN.Student2.IB-plant5884-TMS21F2260P0090,TMS21F2260P0090,5884,1,,1,,,,,,
21.GS.C6.SN.Student2.IB-plant5885-TMS21F2260P0091,TMS21F2260P0091,5885,1,,1,,,,,,
21.GS.C6.SN.Student2.IB-plant5886-TMS21F2260P0092,TMS21F2260P0092,5886,1,,1,,,,,,
21.GS.C6.SN.Student2.IB-plant5887-TMS21F2260P0093,TMS21F2260P0093,5887,1,,1,,,,,,
21.GS.C6.SN.Student2.IB-plant5888-TMS21F2260P0094,TMS21F2260P0094,5888,1,,1,,,,,,
21.GS.C6.SN.Student2.IB-plant5889-TMS21F2260P0095,TMS21F2260P0095,5889,1,,1,,,,,,
21.GS.C6.SN.Student2.IB-plant5890-TMS21F2260P0096,TMS21F2260P0096,5890,1,,1,,,,,,
21.GS.C6.SN.Student2.IB-plant5891-TMS21F2260P0097,TMS21F2260P0097,5891,1,,1,,,,,,
21.GS.C6.SN.Student2.IB-plant5892-TMS21F2260P0098,TMS21F2260P0098,5892,1,,1,,,,,,
21.GS.C6.SN.Student2.IB-plant5893-TMS21F2260P0099,TMS21F2260P0099,5893,1,,1,,,,,,
21.GS.C6.SN.Student2.IB-plant5894-TMS21F2260P0100,TMS21F2260P0100,5894,1,,1,,,,,,
21.GS.C6.SN.Student2.IB-plant5895-TMS21F2260P0101,TMS21F2260P0101,5895,1,,1,,,,,,
21.GS.C6.SN.Student2.IB-plant5896-TMS21F2260P0102,TMS21F2260P0102,5896,1,,1,,,,,,
21.GS.C6.SN.Student2.IB-plant5897-TMS21F2260P0103,TMS21F2260P0103,5897,1,,1,,,,,,
21.GS.C6.SN.Student2.IB-plant5898-TMS21F2260P0104,TMS21F2260P0104,5898,1,,1,,,,,,
21.GS.C6.SN.Student2.IB-plant5899-TMS21F2260P0105,TMS21F2260P0105,5899,1,,1,,,,,,
21.GS.C6.SN.Student2.IB-plant5900-TMS21F2260P0106,TMS21F2260P0106,5900,1,,1,,,,,,
21.GS.C6.SN.Student2.IB-plant5901-TMS21F2260P0107,TMS21F2260P0107,5901,1,,1,,,,,,
21.GS.C6.SN.Student2.IB-plant5902-TMS21F2260P0108,TMS21F2260P0108,5902,1,,1,,,,,,
21.GS.C6.SN.Student2.IB-plant5903-TMS21F2260P0109,TMS21F2260P0109,5903,1,,1,,,,,,
21.GS.C6.SN.Student2.IB-plant5904-TMS21F2260P0110,TMS21F2260P0110,5904,1,,1,,,,,,
21.GS.C6.SN.Student2.IB-plant5905-TMS21F2260P0111,TMS21F2260P0111,5905,1,,1,,,,,,
21.GS.C6.SN.Student2.IB-plant5906-TMS21F2260P0112,TMS21F2260P0112,5906,1,,1,,,,,,
21.GS.C6.SN.Student2.IB-plant5907-TMS21F2260P0113,TMS21F2260P0113,5907,1,,1,,,,,,
21.GS.C6.SN.Student2.IB-plant5908-TMS21F2260P0114,TMS21F2260P0114,5908,1,,1,,,,,,
21.GS.C6.SN.Student2.IB-plant5909-TMS21F2260P0115,TMS21F2260P0115,5909,1,,1,,,,,,
21.GS.C6.SN.Student2.IB-plant5910-TMS21F2260P0116,TMS21F2260P0116,5910,1,,1,,,,,,
21.GS.C6.SN.Student2.IB-plant5911-TMS21F2260P0117,TMS21F2260P0117,5911,1,,1,,,,,,
21.GS.C6.SN.Student2.IB-plant5912-TMS21F2260P0118,TMS21F2260P0118,5912,1,,1,,,,,,
21.GS.C6.SN.Student2.IB-plant5913-TMS21F2261P0001,TMS21F2261P0001,5913,1,,1,,,,,,
21.GS.C6.SN.Student2.IB-plant5914-TMS21F2261P0002,TMS21F2261P0002,5914,1,,1,,,,,,
21.GS.C6.SN.Student2.IB-plant5915-TMS21F2261P0003,TMS21F2261P0003,5915,1,,1,,,,,,
21.GS.C6.SN.Student2.IB-plant5916-TMS21F2261P0004,TMS21F2261P0004,5916,1,,1,,,,,,
21.GS.C6.SN.Student2.IB-plant5917-TMS21F2261P0005,TMS21F2261P0005,5917,1,,1,,,,,,
21.GS.C6.SN.Student2.IB-plant5918-TMS21F2261P0006,TMS21F2261P0006,5918,1,,1,,,,,,
21.GS.C6.SN.Student2.IB-plant5919-TMS21F2261P0007,TMS21F2261P0007,5919,1,,1,,,,,,
21.GS.C6.SN.Student2.IB-plant5920-TMS21F2261P0008,TMS21F2261P0008,5920,1,,1,,,,,,
21.GS.C6.SN.Student2.IB-plant5921-TMS21F2261P0009,TMS21F2261P0009,5921,1,,1,,,,,,
21.GS.C6.SN.Student2.IB-plant5922-TMS21F2261P0010,TMS21F2261P0010,5922,1,,1,,,,,,
21.GS.C6.SN.Student2.IB-plant5923-TMS21F2261P0011,TMS21F2261P0011,5923,1,,1,,,,,,
21.GS.C6.SN.Student2.IB-plant5924-TMS21F2261P0012,TMS21F2261P0012,5924,1,,1,,,,,,
21.GS.C6.SN.Student2.IB-plant5925-TMS21F2261P0013,TMS21F2261P0013,5925,1,,1,,,,,,
21.GS.C6.SN.Student2.IB-plant5926-TMS21F2261P0014,TMS21F2261P0014,5926,1,,1,,,,,,
21.GS.C6.SN.Student2.IB-plant5927-TMS21F2261P0015,TMS21F2261P0015,5927,1,,1,,,,,,
21.GS.C6.SN.Student2.IB-plant5928-TMS21F2261P0016,TMS21F2261P0016,5928,1,,1,,,,,,
21.GS.C6.SN.Student2.IB-plant5929-TMS21F2261P0017,TMS21F2261P0017,5929,1,,1,,,,,,
21.GS.C6.SN.Student2.IB-plant5930-TMS21F2261P0018,TMS21F2261P0018,5930,1,,1,,,,,,
21.GS.C6.SN.Student2.IB-plant5931-TMS21F2261P0019,TMS21F2261P0019,5931,1,,1,,,,,,
21.GS.C6.SN.Student2.IB-plant5932-TMS21F2261P0020,TMS21F2261P0020,5932,1,,1,,,,,,
21.GS.C6.SN.Student2.IB-plant5933-TMS21F2261P0021,TMS21F2261P0021,5933,1,,1,,,,,,
21.GS.C6.SN.Student2.IB-plant5934-TMS21F2261P0022,TMS21F2261P0022,5934,1,,1,,,,,,
21.GS.C6.SN.Student2.IB-plant5935-TMS21F2261P0023,TMS21F2261P0023,5935,1,,1,,,,,,
21.GS.C6.SN.Student2.IB-plant5936-TMS21F2261P0024,TMS21F2261P0024,5936,1,,1,,,,,,
21.GS.C6.SN.Student2.IB-plant5937-TMS21F2261P0025,TMS21F2261P0025,5937,1,,1,,,,,,
21.GS.C6.SN.Student2.IB-plant5938-TMS21F2261P0026,TMS21F2261P0026,5938,1,,1,,,,,,
21.GS.C6.SN.Student2.IB-plant5939-TMS21F2261P0027,TMS21F2261P0027,5939,1,,1,,,,,,
21.GS.C6.SN.Student2.IB-plant5940-TMS21F2261P0028,TMS21F2261P0028,5940,1,,1,,,,,,
21.GS.C6.SN.Student2.IB-plant5941-TMS21F2261P0029,TMS21F2261P0029,5941,1,,1,,,,,,
21.GS.C6.SN.Student2.IB-plant5942-TMS21F2261P0030,TMS21F2261P0030,5942,1,,1,,,,,,
21.GS.C6.SN.Student2.IB-plant5943-TMS21F2261P0031,TMS21F2261P0031,5943,1,,1,,,,,,
21.GS.C6.SN.Student2.IB-plant5944-TMS21F2261P0032,TMS21F2261P0032,5944,1,,1,,,,,,
21.GS.C6.SN.Student2.IB-plant5945-TMS21F2261P0033,TMS21F2261P0033,5945,1,,1,,,,,,
21.GS.C6.SN.Student2.IB-plant5946-TMS21F2261P0034,TMS21F2261P0034,5946,1,,1,,,,,,
21.GS.C6.SN.Student2.IB-plant5947-TMS21F2261P0035,TMS21F2261P0035,5947,1,,1,,,,,,
21.GS.C6.SN.Student2.IB-plant5948-TMS21F2261P0036,TMS21F2261P0036,5948,1,,1,,,,,,
21.GS.C6.SN.Student2.IB-plant5949-TMS21F2261P0037,TMS21F2261P0037,5949,1,,1,,,,,,
21.GS.C6.SN.Student2.IB-plant5950-TMS21F2261P0038,TMS21F2261P0038,5950,1,,1,,,,,,
21.GS.C6.SN.Student2.IB-plant5951-TMS21F2261P0039,TMS21F2261P0039,5951,1,,1,,,,,,
21.GS.C6.SN.Student2.IB-plant5952-TMS21F2261P0040,TMS21F2261P0040,5952,1,,1,,,,,,
21.GS.C6.SN.Student2.IB-plant5953-TMS21F2261P0041,TMS21F2261P0041,5953,1,,1,,,,,,
21.GS.C6.SN.Student2.IB-plant5954-TMS21F2261P0042,TMS21F2261P0042,5954,1,,1,,,,,,
21.GS.C6.SN.Student2.IB-plant5955-TMS21F2261P0043,TMS21F2261P0043,5955,1,,1,,,,,,
21.GS.C6.SN.Student2.IB-plant5956-TMS21F2261P0044,TMS21F2261P0044,5956,1,,1,,,,,,
21.GS.C6.SN.Student2.IB-plant5957-TMS21F2261P0045,TMS21F2261P0045,5957,1,,1,,,,,,
21.GS.C6.SN.Student2.IB-plant5958-TMS21F2261P0046,TMS21F2261P0046,5958,1,,1,,,,,,
21.GS.C6.SN.Student2.IB-plant5959-TMS21F2261P0047,TMS21F2261P0047,5959,1,,1,,,,,,
21.GS.C6.SN.Student2.IB-plant5960-TMS21F2261P0048,TMS21F2261P0048,5960,1,,1,,,,,,
21.GS.C6.SN.Student2.IB-plant5961-TMS21F2261P0049,TMS21F2261P0049,5961,1,,1,,,,,,
21.GS.C6.SN.Student2.IB-plant5962-TMS21F2261P0050,TMS21F2261P0050,5962,1,,1,,,,,,
21.GS.C6.SN.Student2.IB-plant5963-TMS21F2261P0051,TMS21F2261P0051,5963,1,,1,,,,,,
21.GS.C6.SN.Student2.IB-plant5964-TMS21F2261P0052,TMS21F2261P0052,5964,1,,1,,,,,,
21.GS.C6.SN.Student2.IB-plant5965-TMS21F2261P0053,TMS21F2261P0053,5965,1,,1,,,,,,
21.GS.C6.SN.Student2.IB-plant5966-TMS21F2261P0054,TMS21F2261P0054,5966,1,,1,,,,,,
21.GS.C6.SN.Student2.IB-plant5967-TMS21F2261P0055,TMS21F2261P0055,5967,1,,1,,,,,,
21.GS.C6.SN.Student2.IB-plant5968-TMS21F2261P0056,TMS21F2261P0056,5968,1,,1,,,,,,
21.GS.C6.SN.Student2.IB-plant5969-TMS21F2261P0057,TMS21F2261P0057,5969,1,,1,,,,,,
21.GS.C6.SN.Student2.IB-plant5970-TMS21F2261P0058,TMS21F2261P0058,5970,1,,1,,,,,,
21.GS.C6.SN.Student2.IB-plant5971-TMS21F2261P0059,TMS21F2261P0059,5971,1,,1,,,,,,
21.GS.C6.SN.Student2.IB-plant5972-TMS21F2261P0060,TMS21F2261P0060,5972,1,,1,,,,,,
21.GS.C6.SN.Student2.IB-plant5973-TMS21F2261P0061,TMS21F2261P0061,5973,1,,1,,,,,,
21.GS.C6.SN.Student2.IB-plant5974-TMS21F2261P0062,TMS21F2261P0062,5974,1,,1,,,,,,
21.GS.C6.SN.Student2.IB-plant5975-TMS21F2261P0063,TMS21F2261P0063,5975,1,,1,,,,,,
21.GS.C6.SN.Student2.IB-plant5976-TMS21F2261P0064,TMS21F2261P0064,5976,1,,1,,,,,,
21.GS.C6.SN.Student2.IB-plant5977-TMS21F2261P0065,TMS21F2261P0065,5977,1,,1,,,,,,
21.GS.C6.SN.Student2.IB-plant5978-TMS21F2261P0066,TMS21F2261P0066,5978,1,,1,,,,,,
21.GS.C6.SN.Student2.IB-plant5979-TMS21F2261P0067,TMS21F2261P0067,5979,1,,1,,,,,,
21.GS.C6.SN.Student2.IB-plant5980-TMS21F2261P0068,TMS21F2261P0068,5980,1,,1,,,,,,
21.GS.C6.SN.Student2.IB-plant5981-TMS21F2261P0069,TMS21F2261P0069,5981,1,,1,,,,,,
21.GS.C6.SN.Student2.IB-plant5982-TMS21F2261P0070,TMS21F2261P0070,5982,1,,1,,,,,,
21.GS.C6.SN.Student2.IB-plant5983-TMS21F2261P0071,TMS21F2261P0071,5983,1,,1,,,,,,
21.GS.C6.SN.Student2.IB-plant5984-TMS21F2261P0072,TMS21F2261P0072,5984,1,,1,,,,,,
21.GS.C6.SN.Student2.IB-plant5985-TMS21F2261P0073,TMS21F2261P0073,5985,1,,1,,,,,,
21.GS.C6.SN.Student2.IB-plant5986-TMS21F2261P0074,TMS21F2261P0074,5986,1,,1,,,,,,
21.GS.C6.SN.Student2.IB-plant5987-TMS21F2261P0075,TMS21F2261P0075,5987,1,,1,,,,,,
21.GS.C6.SN.Student2.IB-plant5988-TMS21F2261P0076,TMS21F2261P0076,5988,1,,1,,,,,,
21.GS.C6.SN.Student2.IB-plant5989-TMS21F2261P0077,TMS21F2261P0077,5989,1,,1,,,,,,
21.GS.C6.SN.Student2.IB-plant5990-TMS21F2261P0078,TMS21F2261P0078,5990,1,,1,,,,,,
21.GS.C6.SN.Student2.IB-plant5991-TMS21F2261P0079,TMS21F2261P0079,5991,1,,1,,,,,,
21.GS.C6.SN.Student2.IB-plant5992-TMS21F2261P0080,TMS21F2261P0080,5992,1,,1,,,,,,
21.GS.C6.SN.Student2.IB-plant5993-TMS21F2261P0081,TMS21F2261P0081,5993,1,,1,,,,,,
21.GS.C6.SN.Student2.IB-plant5994-TMS21F2261P0082,TMS21F2261P0082,5994,1,,1,,,,,,
21.GS.C6.SN.Student2.IB-plant5995-TMS21F2261P0083,TMS21F2261P0083,5995,1,,1,,,,,,
21.GS.C6.SN.Student2.IB-plant5996-TMS21F2261P0084,TMS21F2261P0084,5996,1,,1,,,,,,
21.GS.C6.SN.Student2.IB-plant5997-TMS21F2261P0085,TMS21F2261P0085,5997,1,,1,,,,,,
21.GS.C6.SN.Student2.IB-plant5998-TMS21F2261P0086,TMS21F2261P0086,5998,1,,1,,,,,,
21.GS.C6.SN.Student2.IB-plant5999-TMS21F2261P0087,TMS21F2261P0087,5999,1,,1,,,,,,
21.GS.C6.SN.Student2.IB-plant6000-TMS21F2261P0088,TMS21F2261P0088,6000,1,,1,,,,,,
21.GS.C6.SN.Student2.IB-plant6001-TMS21F2261P0089,TMS21F2261P0089,6001,1,,1,,,,,,
21.GS.C6.SN.Student2.IB-plant6002-TMS21F2261P0090,TMS21F2261P0090,6002,1,,1,,,,,,
21.GS.C6.SN.Student2.IB-plant6003-TMS21F2261P0091,TMS21F2261P0091,6003,1,,1,,,,,,
21.GS.C6.SN.Student2.IB-plant6004-TMS21F2261P0092,TMS21F2261P0092,6004,1,,1,,,,,,
21.GS.C6.SN.Student2.IB-plant6005-TMS21F2261P0093,TMS21F2261P0093,6005,1,,1,,,,,,
21.GS.C6.SN.Student2.IB-plant6006-TMS21F2261P0094,TMS21F2261P0094,6006,1,,1,,,,,,
21.GS.C6.SN.Student2.IB-plant6007-TMS21F2261P0095,TMS21F2261P0095,6007,1,,1,,,,,,
21.GS.C6.SN.Student2.IB-plant6008-TMS21F2261P0096,TMS21F2261P0096,6008,1,,1,,,,,,
21.GS.C6.SN.Student2.IB-plant6009-TMS21F2261P0097,TMS21F2261P0097,6009,1,,1,,,,,,
21.GS.C6.SN.Student2.IB-plant6010-TMS21F2261P0098,TMS21F2261P0098,6010,1,,1,,,,,,
21.GS.C6.SN.Student2.IB-plant6011-TMS21F2261P0099,TMS21F2261P0099,6011,1,,1,,,,,,
21.GS.C6.SN.Student2.IB-plant6012-TMS21F2261P0100,TMS21F2261P0100,6012,1,,1,,,,,,
21.GS.C6.SN.Student2.IB-plant6013-TMS21F2261P0101,TMS21F2261P0101,6013,1,,1,,,,,,
21.GS.C6.SN.Student2.IB-plant6014-TMS21F2261P0102,TMS21F2261P0102,6014,1,,1,,,,,,
21.GS.C6.SN.Student2.IB-plant6015-TMS21F2261P0103,TMS21F2261P0103,6015,1,,1,,,,,,
21.GS.C6.SN.Student2.IB-plant6016-TMS21F2261P0104,TMS21F2261P0104,6016,1,,1,,,,,,
21.GS.C6.SN.Student2.IB-plant6017-TMS21F2261P0105,TMS21F2261P0105,6017,1,,1,,,,,,
21.GS.C6.SN.Student2.IB-plant6018-TMS21F2261P0106,TMS21F2261P0106,6018,1,,1,,,,,,
21.GS.C6.SN.Student2.IB-plant6019-TMS21F2261P0107,TMS21F2261P0107,6019,1,,1,,,,,,
21.GS.C6.SN.Student2.IB-plant6020-TMS21F2261P0108,TMS21F2261P0108,6020,1,,1,,,,,,